[(3, 15), (3, 5), (15, 5), (5, 7), (7, 13), (3, 4), (3, 23), (22, 13), (19, 5), (10, 7), (15, 8), (7, 9), (3, 0), (9, 13), (15, 21), (10, 4), (15, 17), (20, 10), (23, 4), (20, 19), (13, 18), (22, 16), (22, 11), (16, 9), (19, 2), (23, 8), (2, 20), (1, 0), (11, 24), (6, 14)]
The lower boundary for this netlist: 291

Length of path # 1 : 20
15 11 0
15 10 0
15 9 0
15 8 0
14 8 0
14 7 0
13 7 0
13 6 0
12 6 0
11 6 0
10 6 0
9 6 0
8 6 0
7 6 0
6 6 0
5 6 0
5 5 0
4 5 0
3 5 0
2 5 0
2 4 0
Length of path # 2 : 4
15 11 0
14 11 0
13 11 0
12 11 0
12 10 0
Length of path # 3 : 18
2 4 0
2 4 1
2 5 1
3 5 1
4 5 1
5 5 1
5 6 1
6 6 1
6 7 1
6 8 1
6 9 1
7 9 1
7 10 1
8 10 1
9 10 1
10 10 1
11 10 1
12 10 1
12 10 0
Length of path # 4 : 1
12 10 0
12 9 0
Length of path # 5 : 7
12 9 0
12 8 0
13 8 0
13 8 1
13 7 1
13 6 1
13 5 1
13 5 0
Length of path # 6 : 17
15 11 0
15 11 1
14 11 1
13 11 1
12 11 1
12 11 2
12 10 2
11 10 2
10 10 2
9 10 2
8 10 2
7 10 2
6 10 2
5 10 2
4 10 2
3 10 2
3 10 1
3 10 0
Length of path # 7 : 30
15 11 0
16 11 0
16 10 0
16 9 0
16 9 1
15 9 1
15 8 1
14 8 1
14 8 2
13 8 2
12 8 2
11 8 2
10 8 2
9 8 2
9 7 2
8 7 2
8 6 2
7 6 2
6 6 2
5 6 2
4 6 2
3 6 2
2 6 2
2 5 2
1 5 2
1 4 2
1 3 2
1 2 2
1 1 2
1 1 1
1 1 0
Length of path # 8 : 7
9 2 0
10 2 0
11 2 0
12 2 0
13 2 0
13 3 0
13 4 0
13 5 0
Length of path # 9 : 15
15 4 0
14 4 0
14 4 1
13 4 1
13 4 2
13 5 2
13 6 2
13 7 2
13 7 3
13 8 3
13 9 3
13 9 2
13 10 2
13 10 1
13 10 0
12 10 0
Length of path # 10 : 10
4 7 0
5 7 0
6 7 0
6 8 0
6 9 0
7 9 0
8 9 0
9 9 0
10 9 0
11 9 0
12 9 0
Length of path # 11 : 14
2 4 0
3 4 0
4 4 0
4 4 1
4 4 2
4 5 2
5 5 2
6 5 2
7 5 2
8 5 2
8 5 1
8 6 1
8 7 1
8 7 0
8 8 0
Length of path # 12 : 17
12 9 0
12 9 1
11 9 1
10 9 1
9 9 1
8 9 1
8 9 2
7 9 2
6 9 2
5 9 2
4 9 2
3 9 2
2 9 2
1 9 2
1 8 2
1 7 2
1 7 1
1 7 0
Length of path # 13 : 16
15 11 0
15 12 0
14 12 0
13 12 0
12 12 0
11 12 0
10 12 0
9 12 0
8 12 0
7 12 0
6 12 0
5 12 0
4 12 0
3 12 0
2 12 0
1 12 0
1 11 0
Length of path # 14 : 20
1 7 0
1 6 0
1 6 1
1 6 2
1 6 3
2 6 3
3 6 3
4 6 3
5 6 3
6 6 3
7 6 3
8 6 3
9 6 3
10 6 3
11 6 3
12 6 3
12 6 2
12 5 2
12 5 1
12 5 0
13 5 0
Length of path # 15 : 2
2 4 0
2 3 0
2 2 0
Length of path # 16 : 4
4 7 0
4 8 0
3 8 0
3 9 0
3 10 0
Length of path # 17 : 13
2 4 0
1 4 0
1 4 1
1 3 1
2 3 1
3 3 1
4 3 1
5 3 1
6 3 1
7 3 1
8 3 1
8 4 1
9 4 1
9 4 0
Length of path # 18 : 11
1 3 0
0 3 0
0 4 0
0 5 0
0 6 0
0 7 0
0 8 0
1 8 0
2 8 0
2 7 0
3 7 0
4 7 0
Length of path # 19 : 15
1 1 0
0 1 0
0 2 0
0 2 1
0 3 1
0 4 1
0 5 1
0 6 1
0 7 1
0 8 1
0 9 1
1 9 1
2 9 1
2 10 1
2 10 0
3 10 0
Length of path # 20 : 19
1 3 0
1 2 0
1 2 1
2 2 1
3 2 1
4 2 1
5 2 1
6 2 1
7 2 1
8 2 1
9 2 1
10 2 1
10 3 1
11 3 1
12 3 1
13 3 1
14 3 1
15 3 1
15 3 0
15 4 0
Length of path # 21 : 11
13 5 0
14 5 0
14 5 1
14 5 2
14 5 3
13 5 3
12 5 3
11 5 3
11 5 2
11 4 2
11 4 1
11 4 0
Length of path # 22 : 5
9 2 0
8 2 0
7 2 0
6 2 0
6 3 0
6 4 0
Length of path # 23 : 11
9 2 0
9 3 0
9 3 1
9 3 2
10 3 2
10 4 2
10 5 2
10 6 2
11 6 2
11 7 2
11 7 1
11 7 0
Number of paths found: 23 / 30
The total length is: 287
