[(5, 7), (15, 21), (13, 18), (3, 5), (10, 4), (1, 0), (7, 13), (22, 16), (6, 14), (11, 24), (15, 17), (20, 10), (22, 11), (22, 13), (16, 9), (19, 5), (10, 7), (15, 8), (23, 4), (19, 2), (3, 4), (7, 9), (3, 0), (9, 13), (23, 8), (20, 19), (15, 5), (2, 20), (3, 15), (3, 23)]
The lower boundary for this netlist: 291

Length of path # 1 : 1
12 10 0
12 9 0
Length of path # 2 : 2
2 4 0
2 3 0
2 2 0
Length of path # 3 : 3
13 5 0
12 5 0
11 5 0
11 4 0
Length of path # 4 : 4
15 11 0
14 11 0
13 11 0
12 11 0
12 10 0
Length of path # 5 : 4
4 7 0
4 8 0
4 9 0
3 9 0
3 10 0
Length of path # 6 : 5
6 11 0
5 11 0
4 11 0
3 11 0
2 11 0
1 11 0
Length of path # 7 : 5
12 9 0
12 8 0
13 8 0
13 7 0
13 6 0
13 5 0
Length of path # 8 : 5
9 2 0
9 3 0
8 3 0
7 3 0
6 3 0
6 4 0
Length of path # 9 : 7
14 10 0
14 9 0
14 8 0
14 7 0
14 6 0
15 6 0
15 5 0
16 5 0
Length of path # 10 : 9
11 7 0
11 6 0
12 6 0
12 6 1
12 5 1
12 4 1
12 3 1
12 2 1
12 1 1
12 1 0
Length of path # 11 : 9
2 4 0
3 4 0
4 4 0
5 4 0
5 5 0
6 5 0
7 5 0
8 5 0
9 5 0
9 4 0
Length of path # 12 : 7
1 3 0
1 4 0
1 5 0
2 5 0
2 6 0
3 6 0
3 7 0
4 7 0
Length of path # 13 : 7
9 2 0
10 2 0
10 3 0
10 4 0
10 5 0
10 6 0
10 7 0
11 7 0
Length of path # 14 : 9
9 2 0
9 1 0
10 1 0
11 1 0
11 2 0
12 2 0
12 3 0
13 3 0
13 4 0
13 5 0
Length of path # 15 : 10
6 4 0
6 4 1
5 4 1
5 5 1
4 5 1
3 5 1
2 5 1
1 5 1
1 6 1
1 6 0
1 7 0
Length of path # 16 : 11
15 4 0
14 4 0
14 4 1
13 4 1
13 5 1
13 6 1
13 7 1
13 8 1
13 9 1
13 10 1
13 10 0
12 10 0
Length of path # 17 : 10
4 7 0
5 7 0
5 8 0
6 8 0
7 8 0
7 9 0
8 9 0
9 9 0
10 9 0
11 9 0
12 9 0
Length of path # 18 : 14
2 4 0
2 4 1
3 4 1
3 4 2
3 5 2
4 5 2
5 5 2
6 5 2
6 6 2
7 6 2
7 7 2
8 7 2
8 8 2
8 8 1
8 8 0
Length of path # 19 : 13
1 1 0
1 2 0
0 2 0
0 3 0
0 4 0
0 5 0
0 6 0
0 7 0
0 8 0
1 8 0
2 8 0
2 9 0
2 10 0
3 10 0
Length of path # 20 : 14
15 4 0
15 4 1
15 5 1
14 5 1
14 6 1
14 7 1
14 8 1
14 9 1
14 10 1
14 11 1
13 11 1
12 11 1
11 11 1
11 11 0
10 11 0
Length of path # 21 : 15
15 11 0
15 12 0
14 12 0
13 12 0
12 12 0
11 12 0
10 12 0
9 12 0
8 12 0
7 12 0
7 11 0
7 10 0
6 10 0
5 10 0
4 10 0
3 10 0
Length of path # 22 : 15
12 9 0
12 9 1
11 9 1
10 9 1
9 9 1
8 9 1
7 9 1
6 9 1
5 9 1
4 9 1
3 9 1
2 9 1
1 9 1
1 8 1
1 7 1
1 7 0
Length of path # 23 : 18
15 11 0
15 11 1
15 11 2
14 11 2
13 11 2
12 11 2
11 11 2
10 11 2
10 11 1
9 11 1
8 11 1
7 11 1
6 11 1
5 11 1
4 11 1
3 11 1
2 11 1
1 11 1
1 11 0
Number of paths found: 23 / 30
The total length is: 197
