[(5, 7), (15, 21), (13, 18), (3, 5), (10, 4), (1, 0), (7, 13), (22, 16), (6, 14), (11, 24), (15, 17), (20, 10), (22, 11), (22, 13), (16, 9), (19, 5), (10, 7), (15, 8), (23, 4), (19, 2), (3, 4), (7, 9), (3, 0), (9, 13), (23, 8), (20, 19), (15, 5), (2, 20), (3, 15), (3, 23)]
The lower boundary for this netlist: 291

Length of path # 1 : 1
12 10 0
12 9 0
Length of path # 2 : 2
2 4 0
2 3 0
2 2 0
Length of path # 3 : 3
13 5 0
13 4 0
12 4 0
11 4 0
Length of path # 4 : 4
15 11 0
14 11 0
13 11 0
12 11 0
12 10 0
Length of path # 5 : 4
4 7 0
3 7 0
3 8 0
3 9 0
3 10 0
Length of path # 6 : 5
6 11 0
5 11 0
4 11 0
3 11 0
2 11 0
1 11 0
Length of path # 7 : 5
12 9 0
12 8 0
13 8 0
13 7 0
13 6 0
13 5 0
Length of path # 8 : 5
9 2 0
8 2 0
7 2 0
7 3 0
6 3 0
6 4 0
Length of path # 9 : 7
14 10 0
14 9 0
14 8 0
14 7 0
14 6 0
15 6 0
16 6 0
16 5 0
Length of path # 10 : 9
11 7 0
11 6 0
11 5 0
11 5 1
11 4 1
11 3 1
11 2 1
11 1 1
11 1 0
12 1 0
Length of path # 11 : 9
2 4 0
3 4 0
4 4 0
5 4 0
5 4 1
6 4 1
7 4 1
7 4 0
8 4 0
9 4 0
Length of path # 12 : 7
1 3 0
1 4 0
1 5 0
2 5 0
3 5 0
3 6 0
4 6 0
4 7 0
Length of path # 13 : 7
9 2 0
10 2 0
10 3 0
10 4 0
10 5 0
10 6 0
10 7 0
11 7 0
Length of path # 14 : 11
9 2 0
9 3 0
9 3 1
10 3 1
10 4 1
10 5 1
10 6 1
11 6 1
12 6 1
12 5 1
13 5 1
13 5 0
Length of path # 15 : 10
6 4 0
6 5 0
6 6 0
5 6 0
5 7 0
5 7 1
4 7 1
3 7 1
2 7 1
1 7 1
1 7 0
Length of path # 16 : 11
15 4 0
15 5 0
15 5 1
15 6 1
14 6 1
13 6 1
13 7 1
12 7 1
12 8 1
12 9 1
12 10 1
12 10 0
Length of path # 17 : 10
4 7 0
4 8 0
5 8 0
6 8 0
6 9 0
7 9 0
8 9 0
9 9 0
10 9 0
11 9 0
12 9 0
Length of path # 18 : 12
2 4 0
2 4 1
3 4 1
4 4 1
4 5 1
4 6 1
5 6 1
6 6 1
6 7 1
7 7 1
7 7 0
7 8 0
8 8 0
Length of path # 19 : 13
1 1 0
1 2 0
1 2 1
1 3 1
1 4 1
1 5 1
1 6 1
2 6 1
2 6 0
2 7 0
2 8 0
2 9 0
2 10 0
3 10 0
Length of path # 20 : 16
15 4 0
14 4 0
14 4 1
13 4 1
12 4 1
12 4 2
12 5 2
11 5 2
11 6 2
10 6 2
10 7 2
10 8 2
10 9 2
10 10 2
10 11 2
10 11 1
10 11 0
Length of path # 21 : 15
15 11 0
15 11 1
14 11 1
13 11 1
12 11 1
11 11 1
11 10 1
10 10 1
9 10 1
8 10 1
7 10 1
6 10 1
5 10 1
4 10 1
3 10 1
3 10 0
Length of path # 22 : 19
12 9 0
13 9 0
13 9 1
13 9 2
12 9 2
11 9 2
11 9 1
10 9 1
9 9 1
8 9 1
7 9 1
6 9 1
5 9 1
4 9 1
3 9 1
2 9 1
1 9 1
1 8 1
1 8 0
1 7 0
Length of path # 23 : 18
15 11 0
15 12 0
14 12 0
13 12 0
12 12 0
11 12 0
10 12 0
9 12 0
8 12 0
8 12 1
7 12 1
6 12 1
5 12 1
4 12 1
4 12 0
3 12 0
2 12 0
1 12 0
1 11 0
Length of path # 24 : 24
1 7 0
0 7 0
0 7 1
0 7 2
1 7 2
2 7 2
3 7 2
4 7 2
5 7 2
6 7 2
7 7 2
8 7 2
9 7 2
9 7 1
10 7 1
11 7 1
11 7 2
12 7 2
13 7 2
13 6 2
13 5 2
14 5 2
14 5 1
14 5 0
13 5 0
Length of path # 25 : 16
1 1 0
2 1 0
3 1 0
4 1 0
5 1 0
6 1 0
7 1 0
8 1 0
8 1 1
8 2 1
8 3 1
8 4 1
8 5 1
8 6 1
8 7 1
8 8 1
8 8 0
Length of path # 26 : 23
1 3 0
0 3 0
0 3 1
0 3 2
1 3 2
2 3 2
3 3 2
4 3 2
4 3 3
5 3 3
6 3 3
7 3 3
8 3 3
9 3 3
10 3 3
11 3 3
12 3 3
13 3 3
13 3 2
13 3 1
13 3 0
14 3 0
15 3 0
15 4 0
Number of paths found: 26 / 30
The total length is: 266
