[(3, 23), (3, 15), (2, 20), (15, 5), (20, 19), (3, 0), (9, 13), (23, 8), (3, 4), (7, 9), (19, 2), (23, 4), (10, 7), (15, 8), (19, 5), (16, 9), (6, 14), (11, 24), (15, 17), (20, 10), (22, 11), (22, 13), (1, 0), (7, 13), (22, 16), (3, 5), (10, 4), (13, 18), (15, 21), (5, 7)]
The lower boundary for this netlist: 291

Length of path # 1 : 24
15 11 0
14 11 0
13 11 0
12 11 0
11 11 0
11 10 0
11 9 0
10 9 0
10 8 0
9 8 0
9 7 0
8 7 0
8 6 0
8 5 0
8 4 0
8 3 0
7 3 0
6 3 0
6 2 0
6 1 0
5 1 0
4 1 0
3 1 0
2 1 0
1 1 0
Length of path # 2 : 22
15 11 0
15 10 0
15 9 0
14 9 0
13 9 0
13 9 1
12 9 1
11 9 1
10 9 1
9 9 1
8 9 1
7 9 1
6 9 1
5 9 1
4 9 1
3 9 1
3 8 1
3 8 0
3 7 0
3 6 0
3 5 0
3 4 0
2 4 0
Length of path # 3 : 17
10 11 0
10 10 0
9 10 0
9 9 0
8 9 0
7 9 0
6 9 0
5 9 0
4 9 0
3 9 0
2 9 0
2 8 0
2 7 0
2 6 0
2 5 0
1 5 0
1 4 0
1 3 0
Length of path # 4 : 20
2 4 0
2 4 1
2 5 1
2 6 1
2 7 1
2 8 1
2 9 1
2 10 1
3 10 1
4 10 1
5 10 1
6 10 1
7 10 1
7 11 1
8 11 1
9 11 1
10 11 1
10 10 1
11 10 1
12 10 1
12 10 0
Length of path # 5 : 17
1 3 0
2 3 0
3 3 0
4 3 0
5 3 0
5 3 1
6 3 1
7 3 1
8 3 1
9 3 1
10 3 1
11 3 1
12 3 1
13 3 1
14 3 1
15 3 1
15 3 0
15 4 0
Length of path # 6 : 16
15 11 0
15 12 0
14 12 0
13 12 0
12 12 0
11 12 0
10 12 0
9 12 0
8 12 0
7 12 0
6 12 0
5 12 0
4 12 0
3 12 0
3 11 0
2 11 0
1 11 0
Length of path # 7 : 18
1 7 0
1 7 1
1 7 2
2 7 2
3 7 2
4 7 2
5 7 2
5 6 2
6 6 2
7 6 2
7 6 1
8 6 1
9 6 1
10 6 1
10 6 0
11 6 0
12 6 0
12 5 0
13 5 0
Length of path # 8 : 16
1 1 0
1 2 0
1 2 1
1 3 1
2 3 1
3 3 1
3 4 1
4 4 1
4 5 1
4 6 1
5 6 1
6 6 1
6 6 0
6 7 0
6 8 0
7 8 0
8 8 0
Length of path # 9 : 17
15 11 0
15 11 1
14 11 1
13 11 1
12 11 1
11 11 1
11 12 1
10 12 1
9 12 1
8 12 1
7 12 1
6 12 1
6 11 1
5 11 1
4 11 1
4 11 0
4 10 0
3 10 0
Length of path # 10 : 17
12 9 0
12 8 0
11 8 0
11 8 1
10 8 1
9 8 1
8 8 1
7 8 1
6 8 1
5 8 1
4 8 1
4 8 2
3 8 2
2 8 2
1 8 2
1 8 1
1 8 0
1 7 0
Length of path # 11 : 20
15 4 0
15 5 0
14 5 0
14 6 0
13 6 0
13 7 0
12 7 0
12 7 1
11 7 1
10 7 1
10 7 2
10 8 2
10 9 2
10 10 2
9 10 2
9 10 1
8 10 1
8 10 0
8 11 0
9 11 0
10 11 0
Length of path # 12 : 13
1 1 0
0 1 0
0 2 0
0 3 0
0 4 0
0 5 0
0 6 0
0 7 0
0 8 0
0 9 0
0 10 0
1 10 0
2 10 0
3 10 0
Number of paths found: 12 / 30
The total length is: 217
