[(3, 23), (3, 15), (2, 20), (15, 5), (20, 19), (3, 0), (9, 13), (23, 8), (3, 4), (7, 9), (19, 2), (23, 4), (10, 7), (15, 8), (19, 5), (16, 9), (6, 14), (11, 24), (15, 17), (20, 10), (22, 11), (22, 13), (1, 0), (7, 13), (22, 16), (3, 5), (10, 4), (13, 18), (15, 21), (5, 7)]
The lower boundary for this netlist: 291

Length of path # 1 : 24
15 11 0
15 10 0
15 9 0
14 9 0
14 8 0
14 7 0
13 7 0
12 7 0
12 6 0
11 6 0
10 6 0
9 6 0
8 6 0
8 5 0
8 4 0
8 3 0
8 2 0
8 1 0
7 1 0
6 1 0
5 1 0
4 1 0
3 1 0
2 1 0
1 1 0
Length of path # 2 : 20
15 11 0
14 11 0
13 11 0
12 11 0
11 11 0
11 10 0
10 10 0
9 10 0
8 10 0
7 10 0
6 10 0
5 10 0
4 10 0
4 9 0
3 9 0
2 9 0
2 8 0
2 7 0
2 6 0
2 5 0
2 4 0
Length of path # 3 : 19
10 11 0
9 11 0
8 11 0
7 11 0
7 11 1
6 11 1
5 11 1
4 11 1
4 10 1
4 9 1
4 8 1
4 7 1
4 6 1
4 5 1
3 5 1
3 4 1
3 3 1
3 3 0
2 3 0
1 3 0
Length of path # 4 : 18
2 4 0
3 4 0
4 4 0
5 4 0
5 5 0
6 5 0
6 6 0
6 7 0
7 7 0
8 7 0
9 7 0
10 7 0
10 8 0
11 8 0
12 8 0
13 8 0
13 9 0
13 10 0
12 10 0
Length of path # 5 : 19
1 3 0
1 3 1
2 3 1
2 3 2
3 3 2
4 3 2
5 3 2
6 3 2
7 3 2
8 3 2
9 3 2
10 3 2
11 3 2
12 3 2
13 3 2
14 3 2
15 3 2
15 4 2
15 4 1
15 4 0
Length of path # 6 : 16
15 11 0
15 12 0
14 12 0
13 12 0
12 12 0
11 12 0
10 12 0
9 12 0
8 12 0
7 12 0
6 12 0
5 12 0
4 12 0
3 12 0
2 12 0
1 12 0
1 11 0
Length of path # 7 : 18
1 7 0
1 7 1
2 7 1
3 7 1
3 6 1
3 6 0
4 6 0
5 6 0
5 6 1
5 5 1
6 5 1
7 5 1
8 5 1
9 5 1
9 5 0
10 5 0
11 5 0
12 5 0
13 5 0
Length of path # 8 : 18
1 1 0
1 2 0
1 2 1
2 2 1
3 2 1
4 2 1
5 2 1
6 2 1
7 2 1
7 3 1
7 4 1
7 4 0
7 5 0
7 6 0
7 6 1
8 6 1
8 7 1
8 8 1
8 8 0
Length of path # 9 : 17
15 11 0
15 11 1
14 11 1
13 11 1
12 11 1
11 11 1
10 11 1
9 11 1
9 10 1
8 10 1
7 10 1
6 10 1
5 10 1
5 10 2
4 10 2
3 10 2
3 10 1
3 10 0
Length of path # 10 : 15
12 9 0
11 9 0
10 9 0
9 9 0
8 9 0
7 9 0
6 9 0
5 9 0
5 8 0
4 8 0
3 8 0
3 8 1
2 8 1
1 8 1
1 8 0
1 7 0
Number of paths found: 10 / 30
The total length is: 184
