[(3, 23), (3, 15), (2, 20), (15, 5), (20, 19), (3, 0), (9, 13), (23, 8), (3, 4), (7, 9), (19, 2), (23, 4), (10, 7), (15, 8), (19, 5), (16, 9), (6, 14), (11, 24), (15, 17), (20, 10), (22, 11), (22, 13), (1, 0), (7, 13), (22, 16), (3, 5), (10, 4), (13, 18), (15, 21), (5, 7)]
The lower boundary for this netlist: 291

Length of path # 1 : 24
15 11 0
14 11 0
13 11 0
13 10 0
13 9 0
13 8 0
12 8 0
12 7 0
12 6 0
12 5 0
11 5 0
10 5 0
9 5 0
8 5 0
8 4 0
8 3 0
8 2 0
8 1 0
7 1 0
6 1 0
5 1 0
4 1 0
3 1 0
2 1 0
1 1 0
Length of path # 2 : 22
15 11 0
15 10 0
15 9 0
14 9 0
14 8 0
14 8 1
13 8 1
12 8 1
11 8 1
10 8 1
9 8 1
8 8 1
7 8 1
6 8 1
5 8 1
5 7 1
5 6 1
5 5 1
4 5 1
3 5 1
2 5 1
2 4 1
2 4 0
Length of path # 3 : 17
10 11 0
10 10 0
9 10 0
8 10 0
7 10 0
7 9 0
6 9 0
5 9 0
4 9 0
3 9 0
3 8 0
2 8 0
2 7 0
2 6 0
2 5 0
1 5 0
1 4 0
1 3 0
Length of path # 4 : 16
2 4 0
3 4 0
4 4 0
5 4 0
5 5 0
6 5 0
7 5 0
7 6 0
8 6 0
9 6 0
10 6 0
10 7 0
10 8 0
11 8 0
11 9 0
11 10 0
12 10 0
Length of path # 5 : 17
1 3 0
2 3 0
3 3 0
4 3 0
5 3 0
6 3 0
7 3 0
7 3 1
8 3 1
8 4 1
9 4 1
10 4 1
11 4 1
12 4 1
13 4 1
14 4 1
15 4 1
15 4 0
Length of path # 6 : 16
15 11 0
15 12 0
14 12 0
13 12 0
12 12 0
11 12 0
10 12 0
9 12 0
8 12 0
7 12 0
6 12 0
5 12 0
4 12 0
3 12 0
2 12 0
1 12 0
1 11 0
Length of path # 7 : 18
1 7 0
1 6 0
1 6 1
2 6 1
3 6 1
4 6 1
4 6 0
5 6 0
6 6 0
6 6 1
6 5 1
7 5 1
8 5 1
9 5 1
10 5 1
11 5 1
12 5 1
13 5 1
13 5 0
Length of path # 8 : 18
1 1 0
1 2 0
1 2 1
1 3 1
2 3 1
3 3 1
4 3 1
5 3 1
6 3 1
6 4 1
7 4 1
7 4 2
7 5 2
8 5 2
8 6 2
8 6 1
8 7 1
8 7 0
8 8 0
Length of path # 9 : 15
15 11 0
15 11 1
14 11 1
13 11 1
12 11 1
11 11 1
11 10 1
10 10 1
9 10 1
8 10 1
7 10 1
6 10 1
6 10 0
5 10 0
4 10 0
3 10 0
Length of path # 10 : 17
12 9 0
12 9 1
11 9 1
11 9 2
11 8 2
10 8 2
10 7 2
9 7 2
8 7 2
7 7 2
6 7 2
5 7 2
4 7 2
3 7 2
2 7 2
2 7 1
1 7 1
1 7 0
Length of path # 11 : 16
15 4 0
15 5 0
15 6 0
15 7 0
15 8 0
15 8 1
15 9 1
15 10 1
14 10 1
13 10 1
12 10 1
12 10 2
11 10 2
10 10 2
10 11 2
10 11 1
10 11 0
Length of path # 12 : 13
1 1 0
0 1 0
0 2 0
0 3 0
0 4 0
0 5 0
0 6 0
0 7 0
0 8 0
0 9 0
1 9 0
1 10 0
2 10 0
3 10 0
Number of paths found: 12 / 30
The total length is: 209
