[(3, 23), (3, 15), (2, 20), (15, 5), (20, 19), (3, 0), (9, 13), (23, 8), (3, 4), (7, 9), (19, 2), (23, 4), (10, 7), (15, 8), (19, 5), (16, 9), (6, 14), (11, 24), (15, 17), (20, 10), (22, 11), (22, 13), (1, 0), (7, 13), (22, 16), (3, 5), (10, 4), (13, 18), (15, 21), (5, 7)]
The lower boundary for this netlist: 291

Length of path # 1 : 24
15 11 0
15 10 0
15 9 0
14 9 0
13 9 0
13 8 0
12 8 0
11 8 0
10 8 0
10 7 0
10 6 0
10 5 0
10 4 0
10 3 0
9 3 0
8 3 0
7 3 0
6 3 0
5 3 0
4 3 0
3 3 0
3 2 0
3 1 0
2 1 0
1 1 0
Length of path # 2 : 20
15 11 0
14 11 0
13 11 0
12 11 0
11 11 0
11 10 0
10 10 0
9 10 0
8 10 0
7 10 0
6 10 0
5 10 0
4 10 0
4 9 0
3 9 0
3 8 0
2 8 0
2 7 0
2 6 0
2 5 0
2 4 0
Length of path # 3 : 19
10 11 0
10 11 1
10 10 1
10 9 1
9 9 1
9 8 1
8 8 1
8 7 1
8 6 1
8 5 1
8 4 1
7 4 1
7 3 1
6 3 1
5 3 1
4 3 1
3 3 1
2 3 1
1 3 1
1 3 0
Length of path # 4 : 18
2 4 0
3 4 0
4 4 0
5 4 0
5 5 0
6 5 0
7 5 0
7 6 0
7 7 0
7 8 0
7 9 0
8 9 0
9 9 0
10 9 0
11 9 0
11 9 1
12 9 1
12 10 1
12 10 0
Length of path # 5 : 19
1 3 0
1 4 0
1 4 1
2 4 1
3 4 1
4 4 1
5 4 1
6 4 1
6 4 2
7 4 2
8 4 2
9 4 2
10 4 2
11 4 2
12 4 2
13 4 2
14 4 2
15 4 2
15 4 1
15 4 0
Length of path # 6 : 16
15 11 0
15 12 0
14 12 0
13 12 0
12 12 0
11 12 0
10 12 0
9 12 0
8 12 0
7 12 0
6 12 0
5 12 0
4 12 0
3 12 0
2 12 0
1 12 0
1 11 0
Length of path # 7 : 18
1 7 0
1 7 1
2 7 1
3 7 1
4 7 1
5 7 1
6 7 1
7 7 1
7 7 2
8 7 2
8 6 2
8 5 2
9 5 2
10 5 2
11 5 2
12 5 2
13 5 2
13 5 1
13 5 0
Length of path # 8 : 20
1 1 0
1 0 0
2 0 0
3 0 0
4 0 0
5 0 0
6 0 0
7 0 0
8 0 0
8 1 0
8 2 0
8 2 1
8 3 1
9 3 1
9 4 1
9 5 1
9 5 0
8 5 0
8 6 0
8 7 0
8 8 0
Length of path # 9 : 19
15 11 0
15 11 1
15 10 1
14 10 1
13 10 1
13 11 1
12 11 1
11 11 1
11 12 1
10 12 1
9 12 1
8 12 1
7 12 1
6 12 1
5 12 1
4 12 1
3 12 1
3 11 1
3 10 1
3 10 0
Number of paths found: 9 / 30
The total length is: 173
