[(3, 23), (3, 15), (2, 20), (15, 5), (20, 19), (3, 0), (9, 13), (23, 8), (3, 4), (7, 9), (19, 2), (23, 4), (10, 7), (15, 8), (19, 5), (16, 9), (6, 14), (11, 24), (15, 17), (20, 10), (22, 11), (22, 13), (1, 0), (7, 13), (22, 16), (3, 5), (10, 4), (13, 18), (15, 21), (5, 7)]
The lower boundary for this netlist: 291

Length of path # 1 : 24
15 11 0
14 11 0
13 11 0
12 11 0
11 11 0
11 10 0
10 10 0
9 10 0
8 10 0
8 9 0
7 9 0
6 9 0
5 9 0
4 9 0
4 8 0
3 8 0
3 7 0
3 6 0
3 5 0
3 4 0
3 3 0
3 2 0
3 1 0
2 1 0
1 1 0
Length of path # 2 : 22
15 11 0
15 10 0
15 9 0
14 9 0
13 9 0
13 8 0
12 8 0
11 8 0
10 8 0
9 8 0
9 7 0
8 7 0
7 7 0
7 6 0
7 5 0
6 5 0
5 5 0
4 5 0
4 4 0
4 4 1
3 4 1
2 4 1
2 4 0
Length of path # 3 : 19
10 11 0
9 11 0
8 11 0
7 11 0
7 10 0
6 10 0
5 10 0
4 10 0
4 10 1
3 10 1
2 10 1
1 10 1
1 9 1
1 8 1
1 7 1
1 6 1
1 5 1
1 4 1
1 3 1
1 3 0
Length of path # 4 : 18
2 4 0
2 5 0
2 6 0
2 7 0
2 8 0
2 9 0
3 9 0
3 9 1
4 9 1
5 9 1
6 9 1
7 9 1
8 9 1
9 9 1
10 9 1
11 9 1
12 9 1
12 10 1
12 10 0
Length of path # 5 : 17
1 3 0
2 3 0
2 3 1
3 3 1
4 3 1
5 3 1
6 3 1
7 3 1
8 3 1
9 3 1
10 3 1
11 3 1
12 3 1
13 3 1
14 3 1
15 3 1
15 4 1
15 4 0
Length of path # 6 : 16
15 11 0
15 12 0
14 12 0
13 12 0
12 12 0
11 12 0
10 12 0
9 12 0
8 12 0
7 12 0
6 12 0
5 12 0
4 12 0
3 12 0
3 11 0
2 11 0
1 11 0
Length of path # 7 : 20
1 7 0
0 7 0
0 7 1
0 7 2
1 7 2
2 7 2
2 7 1
3 7 1
4 7 1
5 7 1
6 7 1
7 7 1
7 6 1
8 6 1
8 5 1
8 5 0
9 5 0
10 5 0
11 5 0
12 5 0
13 5 0
Length of path # 8 : 18
1 1 0
1 2 0
1 2 1
2 2 1
3 2 1
4 2 1
5 2 1
5 2 2
5 3 2
5 4 2
5 5 2
6 5 2
6 6 2
7 6 2
8 6 2
8 7 2
8 7 1
8 8 1
8 8 0
Length of path # 9 : 21
15 11 0
15 11 1
14 11 1
13 11 1
12 11 1
11 11 1
10 11 1
9 11 1
8 11 1
7 11 1
6 11 1
5 11 1
4 11 1
3 11 1
2 11 1
1 11 1
0 11 1
0 11 0
0 10 0
1 10 0
2 10 0
3 10 0
Number of paths found: 9 / 30
The total length is: 175
