[(3, 23), (3, 15), (2, 20), (15, 5), (20, 19), (3, 0), (9, 13), (23, 8), (3, 4), (7, 9), (19, 2), (23, 4), (10, 7), (15, 8), (19, 5), (16, 9), (6, 14), (11, 24), (15, 17), (20, 10), (22, 11), (22, 13), (1, 0), (7, 13), (22, 16), (3, 5), (10, 4), (13, 18), (15, 21), (5, 7)]
The lower boundary for this netlist: 291

Length of path # 1 : 24
15 11 0
15 10 0
15 9 0
15 8 0
15 7 0
14 7 0
13 7 0
12 7 0
12 6 0
12 5 0
11 5 0
10 5 0
9 5 0
8 5 0
7 5 0
6 5 0
5 5 0
5 4 0
5 3 0
5 2 0
5 1 0
4 1 0
3 1 0
2 1 0
1 1 0
Length of path # 2 : 20
15 11 0
14 11 0
13 11 0
13 10 0
13 9 0
13 8 0
12 8 0
11 8 0
10 8 0
10 7 0
10 6 0
9 6 0
8 6 0
7 6 0
6 6 0
5 6 0
4 6 0
3 6 0
2 6 0
2 5 0
2 4 0
Length of path # 3 : 19
10 11 0
10 10 0
10 9 0
9 9 0
8 9 0
7 9 0
6 9 0
5 9 0
5 8 0
4 8 0
3 8 0
3 7 0
3 7 1
3 6 1
3 5 1
3 4 1
3 3 1
2 3 1
1 3 1
1 3 0
Length of path # 4 : 18
2 4 0
2 4 1
2 5 1
2 6 1
2 7 1
2 8 1
3 8 1
4 8 1
5 8 1
6 8 1
7 8 1
8 8 1
9 8 1
9 9 1
10 9 1
11 9 1
11 10 1
12 10 1
12 10 0
Length of path # 5 : 17
1 3 0
2 3 0
3 3 0
4 3 0
4 3 1
5 3 1
6 3 1
7 3 1
8 3 1
9 3 1
10 3 1
11 3 1
12 3 1
12 3 0
13 3 0
14 3 0
15 3 0
15 4 0
Length of path # 6 : 16
15 11 0
15 12 0
14 12 0
13 12 0
12 12 0
11 12 0
10 12 0
9 12 0
8 12 0
7 12 0
6 12 0
5 12 0
5 11 0
4 11 0
3 11 0
2 11 0
1 11 0
Length of path # 7 : 18
1 7 0
1 7 1
1 7 2
2 7 2
3 7 2
4 7 2
4 6 2
5 6 2
6 6 2
6 5 2
7 5 2
8 5 2
8 5 1
9 5 1
10 5 1
11 5 1
12 5 1
13 5 1
13 5 0
Length of path # 8 : 18
1 1 0
1 2 0
1 2 1
2 2 1
3 2 1
3 2 2
3 3 2
3 4 2
3 5 2
4 5 2
4 5 1
5 5 1
6 5 1
6 6 1
7 6 1
7 7 1
7 7 0
8 7 0
8 8 0
Length of path # 9 : 17
15 11 0
15 11 1
15 10 1
14 10 1
13 10 1
13 10 2
12 10 2
11 10 2
10 10 2
9 10 2
8 10 2
7 10 2
6 10 2
6 10 1
6 10 0
5 10 0
4 10 0
3 10 0
Length of path # 10 : 19
12 9 0
12 9 1
12 9 2
12 9 3
11 9 3
10 9 3
9 9 3
8 9 3
7 9 3
6 9 3
5 9 3
4 9 3
3 9 3
2 9 3
1 9 3
1 8 3
1 8 2
1 8 1
1 8 0
1 7 0
Length of path # 11 : 16
15 4 0
15 5 0
15 6 0
15 6 1
15 7 1
15 8 1
15 9 1
15 9 2
15 10 2
15 11 2
14 11 2
13 11 2
12 11 2
11 11 2
10 11 2
10 11 1
10 11 0
Length of path # 12 : 13
1 1 0
0 1 0
0 2 0
0 3 0
0 4 0
0 5 0
0 6 0
0 7 0
0 8 0
0 9 0
1 9 0
2 9 0
3 9 0
3 10 0
Length of path # 13 : 22
4 7 0
5 7 0
6 7 0
6 7 1
6 7 2
6 8 2
6 9 2
7 9 2
7 9 1
8 9 1
8 10 1
9 10 1
9 11 1
9 12 1
10 12 1
11 12 1
12 12 1
12 11 1
12 11 0
11 11 0
11 10 0
11 9 0
12 9 0
Length of path # 14 : 18
2 4 0
3 4 0
4 4 0
4 4 1
5 4 1
6 4 1
6 4 2
6 4 3
6 5 3
7 5 3
7 6 3
7 6 2
7 7 2
8 7 2
8 7 1
9 7 1
9 7 0
9 8 0
8 8 0
Number of paths found: 14 / 30
The total length is: 255
