[(3, 15), (3, 5), (15, 5), (5, 7), (7, 13), (3, 4), (3, 23), (22, 13), (19, 5), (10, 7), (15, 8), (7, 9), (3, 0), (9, 13), (15, 21), (10, 4), (15, 17), (20, 10), (23, 4), (20, 19), (13, 18), (22, 16), (22, 11), (16, 9), (19, 2), (23, 8), (2, 20), (1, 0), (11, 24), (6, 14)]
The lower boundary for this netlist: 291

Length of path # 1 : 20
15 11 0
15 10 0
15 9 0
14 9 0
13 9 0
13 8 0
12 8 0
11 8 0
10 8 0
9 8 0
9 7 0
9 6 0
8 6 0
7 6 0
7 5 0
6 5 0
5 5 0
4 5 0
3 5 0
2 5 0
2 4 0
Length of path # 2 : 4
15 11 0
14 11 0
13 11 0
12 11 0
12 10 0
Length of path # 3 : 18
2 4 0
3 4 0
3 4 1
3 5 1
3 6 1
3 7 1
4 7 1
5 7 1
6 7 1
7 7 1
8 7 1
9 7 1
9 8 1
9 9 1
9 10 1
10 10 1
11 10 1
12 10 1
12 10 0
Length of path # 4 : 1
12 10 0
12 9 0
Length of path # 5 : 7
12 9 0
12 9 1
12 8 1
13 8 1
13 7 1
13 6 1
13 5 1
13 5 0
Length of path # 6 : 15
15 11 0
15 12 0
14 12 0
13 12 0
12 12 0
11 12 0
11 11 0
11 10 0
10 10 0
9 10 0
8 10 0
7 10 0
6 10 0
5 10 0
4 10 0
3 10 0
Length of path # 7 : 26
15 11 0
15 11 1
15 10 1
15 9 1
15 8 1
14 8 1
14 8 0
14 7 0
14 6 0
14 5 0
14 4 0
13 4 0
12 4 0
12 3 0
11 3 0
10 3 0
9 3 0
8 3 0
8 2 0
8 1 0
7 1 0
6 1 0
5 1 0
4 1 0
3 1 0
2 1 0
1 1 0
Length of path # 8 : 9
9 2 0
10 2 0
10 2 1
10 3 1
10 4 1
10 5 1
11 5 1
12 5 1
12 5 0
13 5 0
Length of path # 9 : 13
15 4 0
15 5 0
15 6 0
15 7 0
15 7 1
15 7 2
15 8 2
15 9 2
14 9 2
14 10 2
14 10 1
13 10 1
13 10 0
12 10 0
Length of path # 10 : 10
4 7 0
5 7 0
6 7 0
7 7 0
7 8 0
7 9 0
8 9 0
9 9 0
10 9 0
11 9 0
12 9 0
Length of path # 11 : 12
2 4 0
2 4 1
2 5 1
2 6 1
2 7 1
2 8 1
3 8 1
4 8 1
5 8 1
6 8 1
7 8 1
8 8 1
8 8 0
Number of paths found: 11 / 30
The total length is: 135
