[(3, 15), (3, 5), (15, 5), (5, 7), (7, 13), (3, 4), (3, 23), (22, 13), (19, 5), (10, 7), (15, 8), (7, 9), (3, 0), (9, 13), (15, 21), (10, 4), (15, 17), (20, 10), (23, 4), (20, 19), (13, 18), (22, 16), (22, 11), (16, 9), (19, 2), (23, 8), (2, 20), (1, 0), (11, 24), (6, 14)]
The lower boundary for this netlist: 291

Length of path # 1 : 20
15 11 0
14 11 0
13 11 0
12 11 0
11 11 0
11 10 0
10 10 0
9 10 0
8 10 0
7 10 0
7 9 0
7 8 0
6 8 0
5 8 0
5 7 0
5 6 0
5 5 0
4 5 0
4 4 0
3 4 0
2 4 0
Length of path # 2 : 6
15 11 0
15 10 0
15 9 0
14 9 0
13 9 0
13 10 0
12 10 0
Length of path # 3 : 18
2 4 0
2 5 0
2 6 0
2 7 0
2 8 0
2 9 0
3 9 0
4 9 0
5 9 0
5 10 0
6 10 0
6 10 1
7 10 1
8 10 1
9 10 1
10 10 1
11 10 1
12 10 1
12 10 0
Length of path # 4 : 1
12 10 0
12 9 0
Length of path # 5 : 5
12 9 0
12 8 0
13 8 0
13 7 0
13 6 0
13 5 0
Length of path # 6 : 15
15 11 0
15 11 1
14 11 1
13 11 1
12 11 1
11 11 1
10 11 1
9 11 1
8 11 1
7 11 1
6 11 1
5 11 1
5 10 1
4 10 1
3 10 1
3 10 0
Length of path # 7 : 26
15 11 0
16 11 0
16 10 0
16 9 0
16 8 0
15 8 0
14 8 0
14 7 0
14 6 0
14 5 0
14 4 0
13 4 0
12 4 0
12 3 0
11 3 0
10 3 0
9 3 0
8 3 0
7 3 0
6 3 0
5 3 0
4 3 0
3 3 0
3 2 0
3 1 0
2 1 0
1 1 0
Length of path # 8 : 9
9 2 0
10 2 0
11 2 0
12 2 0
13 2 0
13 3 0
13 3 1
13 4 1
13 5 1
13 5 0
Number of paths found: 8 / 30
The total length is: 100
