[(3, 15), (3, 5), (15, 5), (5, 7), (7, 13), (3, 4), (3, 23), (22, 13), (19, 5), (10, 7), (15, 8), (7, 9), (3, 0), (9, 13), (15, 21), (10, 4), (15, 17), (20, 10), (23, 4), (20, 19), (13, 18), (22, 16), (22, 11), (16, 9), (19, 2), (23, 8), (2, 20), (1, 0), (11, 24), (6, 14)]
The lower boundary for this netlist: 291

Length of path # 1 : 20
15 11 0
15 10 0
15 9 0
15 8 0
15 7 0
14 7 0
13 7 0
12 7 0
12 6 0
11 6 0
11 5 0
10 5 0
9 5 0
8 5 0
7 5 0
6 5 0
5 5 0
4 5 0
4 4 0
3 4 0
2 4 0
Length of path # 2 : 4
15 11 0
14 11 0
13 11 0
12 11 0
12 10 0
Length of path # 3 : 16
2 4 0
2 5 0
2 6 0
2 7 0
3 7 0
3 8 0
3 9 0
4 9 0
4 10 0
5 10 0
6 10 0
7 10 0
8 10 0
9 10 0
10 10 0
11 10 0
12 10 0
Length of path # 4 : 1
12 10 0
12 9 0
Length of path # 5 : 7
12 9 0
13 9 0
13 8 0
13 8 1
13 7 1
13 6 1
13 6 0
13 5 0
Length of path # 6 : 15
15 11 0
15 11 1
15 10 1
14 10 1
13 10 1
12 10 1
11 10 1
10 10 1
9 10 1
8 10 1
7 10 1
6 10 1
5 10 1
4 10 1
3 10 1
3 10 0
Length of path # 7 : 28
15 11 0
16 11 0
16 10 0
16 9 0
16 9 1
15 9 1
14 9 1
13 9 1
12 9 1
12 8 1
11 8 1
10 8 1
9 8 1
8 8 1
7 8 1
6 8 1
5 8 1
4 8 1
4 7 1
3 7 1
2 7 1
1 7 1
1 6 1
1 5 1
1 4 1
1 3 1
1 2 1
1 2 0
1 1 0
Length of path # 8 : 7
9 2 0
10 2 0
11 2 0
11 3 0
12 3 0
12 4 0
12 5 0
13 5 0
Number of paths found: 8 / 30
The total length is: 98
