[(3, 15), (3, 5), (15, 5), (5, 7), (7, 13), (3, 4), (3, 23), (22, 13), (19, 5), (10, 7), (15, 8), (7, 9), (3, 0), (9, 13), (15, 21), (10, 4), (15, 17), (20, 10), (23, 4), (20, 19), (13, 18), (22, 16), (22, 11), (16, 9), (19, 2), (23, 8), (2, 20), (1, 0), (11, 24), (6, 14)]
The lower boundary for this netlist: 291

Length of path # 1 : 20
15 11 0
15 10 0
15 9 0
15 8 0
15 7 0
14 7 0
13 7 0
12 7 0
12 6 0
11 6 0
10 6 0
10 5 0
9 5 0
8 5 0
7 5 0
6 5 0
5 5 0
5 4 0
4 4 0
3 4 0
2 4 0
Length of path # 2 : 4
15 11 0
14 11 0
13 11 0
12 11 0
12 10 0
Length of path # 3 : 16
2 4 0
2 5 0
3 5 0
4 5 0
4 6 0
5 6 0
6 6 0
7 6 0
8 6 0
9 6 0
9 7 0
10 7 0
10 8 0
11 8 0
11 9 0
11 10 0
12 10 0
Length of path # 4 : 1
12 10 0
12 9 0
Length of path # 5 : 7
12 9 0
12 8 0
12 8 1
12 7 1
12 6 1
12 5 1
12 5 0
13 5 0
Length of path # 6 : 15
15 11 0
15 11 1
14 11 1
13 11 1
12 11 1
11 11 1
10 11 1
9 11 1
9 10 1
8 10 1
7 10 1
7 10 0
6 10 0
5 10 0
4 10 0
3 10 0
Length of path # 7 : 28
15 11 0
15 12 0
14 12 0
13 12 0
12 12 0
11 12 0
10 12 0
9 12 0
8 12 0
8 11 0
8 10 0
8 9 0
7 9 0
6 9 0
5 9 0
4 9 0
3 9 0
2 9 0
2 8 0
2 7 0
2 6 0
1 6 0
1 5 0
1 4 0
0 4 0
0 3 0
0 2 0
1 2 0
1 1 0
Length of path # 8 : 7
9 2 0
10 2 0
11 2 0
12 2 0
13 2 0
13 3 0
13 4 0
13 5 0
Length of path # 9 : 11
15 4 0
15 5 0
15 6 0
15 6 1
15 7 1
15 8 1
15 9 1
14 9 1
14 10 1
13 10 1
12 10 1
12 10 0
Length of path # 10 : 12
4 7 0
5 7 0
6 7 0
7 7 0
8 7 0
8 7 1
9 7 1
10 7 1
11 7 1
11 8 1
11 9 1
12 9 1
12 9 0
Length of path # 11 : 12
2 4 0
2 4 1
3 4 1
3 5 1
4 5 1
4 6 1
4 7 1
4 8 1
5 8 1
6 8 1
7 8 1
8 8 1
8 8 0
Length of path # 12 : 19
12 9 0
13 9 0
13 8 0
13 8 1
13 7 1
13 7 2
12 7 2
11 7 2
10 7 2
9 7 2
8 7 2
7 7 2
6 7 2
5 7 2
4 7 2
3 7 2
2 7 2
1 7 2
1 7 1
1 7 0
Length of path # 13 : 20
15 11 0
16 11 0
16 12 0
16 12 1
15 12 1
14 12 1
13 12 1
12 12 1
11 12 1
10 12 1
9 12 1
8 12 1
7 12 1
6 12 1
5 12 1
4 12 1
3 12 1
2 12 1
1 12 1
1 11 1
1 11 0
Length of path # 14 : 20
1 7 0
0 7 0
0 6 0
0 5 0
0 5 1
1 5 1
2 5 1
2 5 2
3 5 2
4 5 2
5 5 2
6 5 2
7 5 2
8 5 2
9 5 2
10 5 2
11 5 2
12 5 2
13 5 2
13 5 1
13 5 0
Length of path # 15 : 2
2 4 0
2 3 0
2 2 0
Length of path # 16 : 6
4 7 0
4 8 0
3 8 0
3 8 1
3 9 1
3 10 1
3 10 0
Number of paths found: 16 / 30
The total length is: 200
