[(3, 15), (3, 5), (15, 5), (5, 7), (7, 13), (3, 4), (3, 23), (22, 13), (19, 5), (10, 7), (15, 8), (7, 9), (3, 0), (9, 13), (15, 21), (10, 4), (15, 17), (20, 10), (23, 4), (20, 19), (13, 18), (22, 16), (22, 11), (16, 9), (19, 2), (23, 8), (2, 20), (1, 0), (11, 24), (6, 14)]
The lower boundary for this netlist: 291

Length of path # 1 : 20
15 11 0
14 11 0
13 11 0
13 10 0
13 9 0
13 8 0
12 8 0
11 8 0
10 8 0
10 7 0
9 7 0
9 6 0
8 6 0
7 6 0
6 6 0
5 6 0
4 6 0
4 5 0
4 4 0
3 4 0
2 4 0
Length of path # 2 : 6
15 11 0
15 10 0
15 10 1
14 10 1
13 10 1
12 10 1
12 10 0
Length of path # 3 : 16
2 4 0
2 5 0
2 6 0
2 7 0
3 7 0
3 8 0
4 8 0
5 8 0
5 9 0
6 9 0
6 10 0
7 10 0
8 10 0
9 10 0
10 10 0
11 10 0
12 10 0
Length of path # 4 : 1
12 10 0
12 9 0
Length of path # 5 : 7
12 9 0
12 9 1
12 8 1
12 7 1
12 7 0
13 7 0
13 6 0
13 5 0
Length of path # 6 : 15
15 11 0
15 12 0
14 12 0
13 12 0
12 12 0
11 12 0
10 12 0
9 12 0
8 12 0
7 12 0
6 12 0
5 12 0
4 12 0
4 11 0
3 11 0
3 10 0
Length of path # 7 : 26
15 11 0
16 11 0
16 10 0
16 9 0
16 8 0
15 8 0
14 8 0
14 7 0
14 6 0
14 5 0
14 4 0
13 4 0
13 3 0
12 3 0
11 3 0
10 3 0
9 3 0
8 3 0
8 2 0
7 2 0
6 2 0
6 1 0
5 1 0
4 1 0
3 1 0
2 1 0
1 1 0
Length of path # 8 : 9
9 2 0
10 2 0
11 2 0
12 2 0
13 2 0
13 2 1
13 3 1
13 4 1
13 5 1
13 5 0
Length of path # 9 : 15
15 4 0
15 5 0
15 6 0
15 6 1
14 6 1
13 6 1
13 7 1
13 8 1
13 9 1
13 9 2
12 9 2
12 10 2
12 11 2
12 11 1
12 11 0
12 10 0
Length of path # 10 : 10
4 7 0
5 7 0
6 7 0
6 8 0
7 8 0
7 9 0
8 9 0
9 9 0
10 9 0
11 9 0
12 9 0
Length of path # 11 : 12
2 4 0
2 4 1
2 5 1
2 6 1
2 7 1
3 7 1
4 7 1
5 7 1
6 7 1
7 7 1
8 7 1
8 8 1
8 8 0
Number of paths found: 11 / 30
The total length is: 137
