[(3, 15), (3, 5), (15, 5), (5, 7), (7, 13), (3, 4), (3, 23), (22, 13), (19, 5), (10, 7), (15, 8), (7, 9), (3, 0), (9, 13), (15, 21), (10, 4), (15, 17), (20, 10), (23, 4), (20, 19), (13, 18), (22, 16), (22, 11), (16, 9), (19, 2), (23, 8), (2, 20), (1, 0), (11, 24), (6, 14)]
The lower boundary for this netlist: 291

Length of path # 1 : 20
15 11 0
15 10 0
15 9 0
15 8 0
15 7 0
15 6 0
14 6 0
13 6 0
12 6 0
11 6 0
10 6 0
9 6 0
8 6 0
7 6 0
6 6 0
5 6 0
4 6 0
3 6 0
2 6 0
2 5 0
2 4 0
Length of path # 2 : 4
15 11 0
14 11 0
13 11 0
12 11 0
12 10 0
Length of path # 3 : 18
2 4 0
3 4 0
4 4 0
5 4 0
5 5 0
6 5 0
7 5 0
8 5 0
9 5 0
10 5 0
11 5 0
11 5 1
11 6 1
11 7 1
11 8 1
11 8 0
11 9 0
11 10 0
12 10 0
Length of path # 4 : 1
12 10 0
12 9 0
Length of path # 5 : 7
12 9 0
13 9 0
13 8 0
13 7 0
13 7 1
13 6 1
13 5 1
13 5 0
Length of path # 6 : 15
15 11 0
15 11 1
14 11 1
13 11 1
12 11 1
11 11 1
10 11 1
10 10 1
9 10 1
8 10 1
8 10 0
7 10 0
6 10 0
5 10 0
4 10 0
3 10 0
Length of path # 7 : 28
15 11 0
15 12 0
14 12 0
13 12 0
12 12 0
11 12 0
10 12 0
9 12 0
9 11 0
9 10 0
9 9 0
9 8 0
9 7 0
9 7 1
9 6 1
9 5 1
9 4 1
9 3 1
9 2 1
9 1 1
8 1 1
8 1 0
7 1 0
6 1 0
5 1 0
4 1 0
3 1 0
2 1 0
1 1 0
Length of path # 8 : 7
9 2 0
10 2 0
11 2 0
12 2 0
13 2 0
13 3 0
13 4 0
13 5 0
Length of path # 9 : 11
15 4 0
14 4 0
14 4 1
13 4 1
12 4 1
12 5 1
12 6 1
12 7 1
12 8 1
12 9 1
12 10 1
12 10 0
Number of paths found: 9 / 30
The total length is: 111
