[(23, 4), (5, 7), (1, 0), (15, 21), (3, 5), (7, 13), (3, 23), (23, 8), (22, 13), (15, 17), (20, 10), (15, 8), (13, 18), (19, 2), (22, 11), (10, 4), (11, 24), (3, 15), (2, 20), (3, 4), (20, 19), (16, 9), (19, 5), (3, 0), (15, 5), (6, 14), (7, 9), (9, 13), (22, 16), (10, 7)]
The lower boundary for this netlist: 291

Length of path # 1 : 11
1 1 0
2 1 0
3 1 0
3 2 0
3 3 0
3 4 0
3 5 0
3 6 0
3 7 0
3 8 0
3 9 0
3 10 0
Length of path # 2 : 1
12 10 0
12 9 0
Length of path # 3 : 5
6 11 0
5 11 0
4 11 0
3 11 0
2 11 0
1 11 0
Length of path # 4 : 2
2 4 0
2 3 0
2 2 0
Length of path # 5 : 4
15 11 0
14 11 0
13 11 0
12 11 0
12 10 0
Length of path # 6 : 5
12 9 0
12 8 0
13 8 0
13 7 0
13 6 0
13 5 0
Length of path # 7 : 26
15 11 0
15 10 0
15 9 0
14 9 0
13 9 0
13 9 1
12 9 1
12 8 1
11 8 1
10 8 1
9 8 1
8 8 1
7 8 1
6 8 1
6 7 1
5 7 1
5 6 1
4 6 1
3 6 1
3 5 1
3 4 1
3 3 1
2 3 1
2 2 1
1 2 1
1 2 0
1 1 0
Length of path # 8 : 16
1 1 0
1 1 1
2 1 1
3 1 1
3 2 1
4 2 1
4 3 1
4 4 1
4 5 1
4 5 0
4 6 0
5 6 0
6 6 0
6 7 0
7 7 0
8 7 0
8 8 0
Length of path # 9 : 7
9 2 0
9 3 0
10 3 0
11 3 0
12 3 0
13 3 0
13 4 0
13 5 0
Length of path # 10 : 11
2 4 0
2 4 1
2 4 2
3 4 2
4 4 2
5 4 2
6 4 2
7 4 2
8 4 2
8 4 1
8 4 0
9 4 0
Length of path # 11 : 9
1 3 0
1 4 0
1 5 0
2 5 0
2 6 0
2 7 0
2 7 1
3 7 1
4 7 1
4 7 0
Number of paths found: 11 / 30
The total length is: 97
