[(23, 4), (5, 7), (1, 0), (15, 21), (3, 5), (7, 13), (3, 23), (23, 8), (22, 13), (15, 17), (20, 10), (15, 8), (13, 18), (19, 2), (22, 11), (10, 4), (11, 24), (3, 15), (2, 20), (3, 4), (20, 19), (16, 9), (19, 5), (3, 0), (15, 5), (6, 14), (7, 9), (9, 13), (22, 16), (10, 7)]
The lower boundary for this netlist: 291

Length of path # 1 : 11
1 1 0
2 1 0
3 1 0
3 2 0
3 3 0
3 4 0
3 5 0
3 6 0
3 7 0
3 8 0
3 9 0
3 10 0
Length of path # 2 : 1
12 10 0
12 9 0
Length of path # 3 : 5
6 11 0
5 11 0
4 11 0
3 11 0
2 11 0
1 11 0
Length of path # 4 : 2
2 4 0
2 3 0
2 2 0
Length of path # 5 : 4
15 11 0
14 11 0
13 11 0
12 11 0
12 10 0
Length of path # 6 : 5
12 9 0
13 9 0
13 8 0
13 7 0
13 6 0
13 5 0
Length of path # 7 : 26
15 11 0
15 10 0
15 9 0
15 8 0
15 7 0
15 6 0
15 5 0
14 5 0
14 4 0
14 3 0
13 3 0
12 3 0
11 3 0
11 2 0
11 1 0
10 1 0
9 1 0
8 1 0
7 1 0
6 1 0
5 1 0
4 1 0
4 0 0
3 0 0
2 0 0
1 0 0
1 1 0
Length of path # 8 : 16
1 1 0
1 1 1
2 1 1
2 2 1
3 2 1
3 3 1
3 4 1
3 5 1
3 6 1
3 7 1
4 7 1
4 8 1
4 8 0
5 8 0
6 8 0
7 8 0
8 8 0
Length of path # 9 : 7
9 2 0
10 2 0
10 3 0
10 4 0
10 5 0
11 5 0
12 5 0
13 5 0
Length of path # 10 : 11
2 4 0
2 4 1
2 4 2
3 4 2
4 4 2
4 4 1
5 4 1
6 4 1
7 4 1
7 4 0
8 4 0
9 4 0
Length of path # 11 : 11
1 3 0
1 3 1
2 3 1
2 3 2
3 3 2
4 3 2
4 3 1
4 3 0
4 4 0
4 5 0
4 6 0
4 7 0
Length of path # 12 : 14
2 4 0
2 5 0
2 5 1
2 5 2
3 5 2
4 5 2
4 5 1
5 5 1
6 5 1
6 6 1
6 7 1
6 7 0
7 7 0
8 7 0
8 8 0
Length of path # 13 : 3
13 5 0
13 4 0
12 4 0
11 4 0
Length of path # 14 : 14
15 4 0
15 4 1
15 5 1
15 6 1
15 7 1
14 7 1
14 8 1
14 9 1
14 10 1
13 10 1
12 10 1
11 10 1
11 11 1
11 11 0
10 11 0
Length of path # 15 : 9
9 2 0
9 3 0
9 3 1
9 4 1
9 5 1
9 6 1
10 6 1
11 6 1
11 6 0
11 7 0
Length of path # 16 : 8
4 7 0
5 7 0
5 7 1
5 8 1
5 9 1
5 9 0
5 10 0
4 10 0
3 10 0
Length of path # 17 : 9
11 7 0
12 7 0
12 6 0
12 6 1
12 5 1
12 4 1
12 3 1
12 2 1
12 2 0
12 1 0
Length of path # 18 : 26
15 11 0
15 12 0
14 12 0
13 12 0
12 12 0
11 12 0
10 12 0
9 12 0
9 11 0
8 11 0
7 11 0
7 10 0
6 10 0
6 10 1
5 10 1
4 10 1
3 10 1
2 10 1
2 9 1
2 8 1
2 7 1
2 6 1
1 6 1
1 5 1
1 4 1
1 4 0
2 4 0
Length of path # 19 : 23
10 11 0
10 10 0
9 10 0
9 9 0
9 8 0
9 7 0
9 6 0
8 6 0
7 6 0
6 6 0
5 6 0
5 6 1
4 6 1
4 6 2
3 6 2
2 6 2
1 6 2
1 5 2
1 4 2
1 3 2
1 2 2
1 2 1
1 2 0
1 3 0
Length of path # 20 : 21
15 11 0
15 11 1
14 11 1
13 11 1
12 11 1
12 12 1
11 12 1
10 12 1
10 11 1
9 11 1
8 11 1
7 11 1
6 11 1
5 11 1
4 11 1
3 11 1
2 11 1
1 11 1
1 10 1
1 10 0
2 10 0
3 10 0
Length of path # 21 : 25
1 3 0
0 3 0
0 2 0
0 1 0
0 1 1
0 0 1
1 0 1
2 0 1
3 0 1
4 0 1
5 0 1
6 0 1
7 0 1
8 0 1
9 0 1
10 0 1
10 1 1
11 1 1
12 1 1
13 1 1
13 1 0
13 2 0
14 2 0
15 2 0
15 3 0
15 4 0
Length of path # 22 : 14
6 4 0
6 3 0
6 3 1
6 3 2
6 4 2
5 4 2
5 5 2
5 6 2
5 7 2
4 7 2
3 7 2
2 7 2
1 7 2
1 7 1
1 7 0
Length of path # 23 : 17
15 4 0
16 4 0
16 4 1
16 4 2
15 4 2
14 4 2
13 4 2
13 5 2
13 6 2
13 7 2
13 8 2
12 8 2
12 9 2
12 9 1
11 9 1
11 9 0
11 10 0
12 10 0
Length of path # 24 : 22
15 11 0
16 11 0
16 11 1
16 11 2
15 11 2
14 11 2
13 11 2
12 11 2
11 11 2
10 11 2
9 11 2
8 11 2
8 12 2
8 12 1
8 12 0
7 12 0
6 12 0
5 12 0
4 12 0
3 12 0
2 12 0
1 12 0
1 11 0
Number of paths found: 24 / 30
The total length is: 304
