[(23, 4), (5, 7), (1, 0), (15, 21), (3, 5), (7, 13), (3, 23), (23, 8), (22, 13), (15, 17), (20, 10), (15, 8), (13, 18), (19, 2), (22, 11), (10, 4), (11, 24), (3, 15), (2, 20), (3, 4), (20, 19), (16, 9), (19, 5), (3, 0), (15, 5), (6, 14), (7, 9), (9, 13), (22, 16), (10, 7)]
The lower boundary for this netlist: 291

Length of path # 1 : 11
1 1 0
2 1 0
3 1 0
3 2 0
3 3 0
3 4 0
3 5 0
3 6 0
3 7 0
3 8 0
3 9 0
3 10 0
Length of path # 2 : 1
12 10 0
12 9 0
Length of path # 3 : 5
6 11 0
5 11 0
4 11 0
3 11 0
2 11 0
1 11 0
Length of path # 4 : 2
2 4 0
2 3 0
2 2 0
Length of path # 5 : 4
15 11 0
14 11 0
13 11 0
13 10 0
12 10 0
Length of path # 6 : 5
12 9 0
12 8 0
13 8 0
13 7 0
13 6 0
13 5 0
Length of path # 7 : 26
15 11 0
15 11 1
14 11 1
14 10 1
13 10 1
12 10 1
11 10 1
10 10 1
9 10 1
8 10 1
7 10 1
6 10 1
5 10 1
4 10 1
4 9 1
4 8 1
3 8 1
3 7 1
2 7 1
2 6 1
2 5 1
2 4 1
2 3 1
2 2 1
2 1 1
1 1 1
1 1 0
Length of path # 8 : 16
1 1 0
1 0 0
2 0 0
3 0 0
4 0 0
4 1 0
4 2 0
4 3 0
5 3 0
5 4 0
5 5 0
5 6 0
6 6 0
6 7 0
7 7 0
7 8 0
8 8 0
Length of path # 9 : 7
9 2 0
10 2 0
11 2 0
12 2 0
13 2 0
13 3 0
13 4 0
13 5 0
Length of path # 10 : 13
2 4 0
1 4 0
1 4 1
1 4 2
2 4 2
3 4 2
3 4 1
4 4 1
5 4 1
6 4 1
7 4 1
8 4 1
9 4 1
9 4 0
Length of path # 11 : 11
1 3 0
1 3 1
1 3 2
2 3 2
3 3 2
4 3 2
4 4 2
4 5 2
4 5 1
4 5 0
4 6 0
4 7 0
Length of path # 12 : 14
2 4 0
2 5 0
2 6 0
2 7 0
2 8 0
2 8 1
2 8 2
3 8 2
4 8 2
5 8 2
6 8 2
6 8 1
7 8 1
8 8 1
8 8 0
Length of path # 13 : 3
13 5 0
12 5 0
12 4 0
11 4 0
Length of path # 14 : 14
15 4 0
15 5 0
15 6 0
15 7 0
15 8 0
14 8 0
14 8 1
13 8 1
12 8 1
11 8 1
11 8 0
11 9 0
11 10 0
11 11 0
10 11 0
Length of path # 15 : 7
9 2 0
9 3 0
10 3 0
10 4 0
10 5 0
10 6 0
11 6 0
11 7 0
Length of path # 16 : 4
4 7 0
4 8 0
4 9 0
4 10 0
3 10 0
Length of path # 17 : 9
11 7 0
12 7 0
12 6 0
12 6 1
12 5 1
12 4 1
12 3 1
12 2 1
12 1 1
12 1 0
Number of paths found: 17 / 30
The total length is: 152
