[(14, 4), (12, 14), (35, 14), (4, 29), (4, 30), (14, 39), (3, 31), (46, 35), (0, 12), (36, 4), (46, 12), (14, 6), (2, 3), (12, 1), (4, 23), (35, 26), (28, 43), (43, 30), (0, 21), (3, 48), (31, 25), (5, 31), (46, 0), (42, 3), (21, 6), (31, 11), (32, 29), (8, 28), (35, 19), (39, 15), (43, 15), (28, 27), (29, 9), (26, 24), (33, 30), (48, 24), (22, 49), (8, 42), (21, 7), (36, 2), (39, 18), (17, 25), (47, 22), (10, 32), (41, 1), (5, 44), (49, 13), (20, 40), (34, 45), (37, 16)]
The lower boundary for this netlist: 600

Length of path # 1 : 4
4 11 0
4 12 0
4 13 0
4 14 0
3 14 0
Length of path # 2 : 7
8 12 0
7 12 0
7 12 1
6 12 1
5 12 1
5 11 1
5 11 0
4 11 0
Length of path # 3 : 9
2 4 0
2 5 0
2 6 0
3 6 0
3 7 0
3 8 0
4 8 0
4 9 0
4 10 0
4 11 0
Length of path # 4 : 18
3 14 0
3 14 1
4 14 1
4 13 1
5 13 1
5 13 2
5 12 2
5 11 2
6 11 2
7 11 2
8 11 2
8 10 2
8 9 2
9 9 2
10 9 2
11 9 2
11 8 2
11 8 1
11 8 0
Length of path # 5 : 24
3 14 0
3 13 0
3 13 1
3 13 2
4 13 2
4 13 3
5 13 3
6 13 3
7 13 3
8 13 3
9 13 3
9 12 3
9 11 3
9 10 3
10 10 3
11 10 3
12 10 3
13 10 3
13 10 2
14 10 2
14 9 2
14 8 2
15 8 2
15 8 1
15 8 0
Length of path # 6 : 22
4 11 0
4 11 1
4 10 1
4 9 1
4 8 1
4 7 1
5 7 1
5 7 2
6 7 2
7 7 2
8 7 2
9 7 2
10 7 2
11 7 2
12 7 2
13 7 2
14 7 2
15 7 2
15 6 2
15 5 2
15 4 2
15 4 1
15 4 0
Length of path # 7 : 26
15 15 0
15 15 1
14 15 1
13 15 1
12 15 1
11 15 1
11 15 2
10 15 2
9 15 2
8 15 2
7 15 2
6 15 2
5 15 2
4 15 2
3 15 2
2 15 2
2 14 2
1 14 2
1 13 2
1 12 2
1 11 2
1 10 2
1 9 2
1 8 2
1 7 2
1 7 1
1 7 0
Length of path # 8 : 13
8 1 0
8 1 1
7 1 1
7 1 2
6 1 2
5 1 2
4 1 2
3 1 2
3 2 2
2 2 2
2 3 2
2 4 2
2 4 1
2 4 0
Length of path # 9 : 12
1 15 0
2 15 0
2 15 1
3 15 1
4 15 1
5 15 1
5 14 1
6 14 1
7 14 1
8 14 1
8 14 0
8 13 0
8 12 0
Length of path # 10 : 17
4 4 0
4 5 0
4 6 0
4 6 1
3 6 1
3 7 1
3 8 1
3 9 1
3 10 1
3 11 1
3 12 1
3 12 2
2 12 2
2 13 2
2 13 1
2 14 1
2 14 0
3 14 0
Length of path # 11 : 13
8 1 0
8 2 0
8 2 1
8 3 1
8 4 1
8 5 1
8 6 1
8 7 1
8 8 1
8 9 1
8 10 1
8 11 1
8 12 1
8 12 0
Length of path # 12 : 23
4 11 0
3 11 0
2 11 0
2 11 1
2 11 2
3 11 2
3 11 3
3 12 3
3 13 3
3 14 3
4 14 3
5 14 3
6 14 3
7 14 3
8 14 3
9 14 3
10 14 3
11 14 3
12 14 3
13 14 3
14 14 3
14 14 2
14 14 1
14 14 0
Length of path # 13 : 7
10 15 0
11 15 0
11 16 0
12 16 0
13 16 0
14 16 0
15 16 0
15 15 0
Length of path # 14 : 9
8 12 0
9 12 0
9 13 0
9 14 0
9 14 1
9 15 1
8 15 1
7 15 1
6 15 1
6 15 0
Length of path # 15 : 20
3 14 0
3 15 0
3 16 0
3 16 1
3 16 2
3 16 3
3 15 3
4 15 3
5 15 3
6 15 3
6 15 4
6 14 4
6 13 4
6 12 4
6 11 4
6 10 4
6 9 4
6 9 3
6 9 2
6 9 1
6 9 0
Length of path # 16 : 14
2 4 0
1 4 0
1 5 0
1 5 1
2 5 1
2 6 1
2 6 2
3 6 2
4 6 2
4 7 2
4 8 2
5 8 2
5 8 1
5 8 0
6 8 0
Length of path # 17 : 15
9 8 0
9 8 1
9 8 2
8 8 2
8 8 3
8 7 3
8 6 3
8 6 2
7 6 2
6 6 2
6 5 2
6 4 2
6 3 2
6 2 2
6 2 1
6 2 0
Length of path # 18 : 19
6 2 0
6 3 0
6 3 1
7 3 1
7 3 2
8 3 2
8 4 2
9 4 2
9 5 2
10 5 2
10 6 2
11 6 2
12 6 2
13 6 2
14 6 2
14 6 1
15 6 1
15 7 1
15 7 0
15 8 0
Length of path # 19 : 24
1 15 0
1 15 1
1 15 2
1 15 3
2 15 3
2 14 3
2 13 3
2 12 3
2 11 3
2 10 3
3 10 3
4 10 3
5 10 3
6 10 3
7 10 3
8 10 3
8 9 3
9 9 3
10 9 3
11 9 3
12 9 3
12 9 2
12 10 2
12 10 1
12 10 0
Length of path # 20 : 22
15 15 0
16 15 0
16 14 0
16 14 1
16 13 1
16 12 1
16 12 2
16 11 2
16 10 2
16 9 2
16 8 2
16 7 2
16 7 1
16 6 1
16 5 1
16 4 1
16 3 1
16 2 1
15 2 1
14 2 1
14 1 1
13 1 1
13 1 0
Length of path # 21 : 25
1 7 0
2 7 0
2 7 1
2 7 2
3 7 2
3 7 3
3 7 4
4 7 4
5 7 4
6 7 4
7 7 4
8 7 4
9 7 4
10 7 4
11 7 4
11 8 4
12 8 4
13 8 4
14 8 4
14 8 3
14 9 3
15 9 3
15 9 2
15 9 1
16 9 1
16 9 0
Length of path # 22 : 24
12 14 0
11 14 0
11 14 1
10 14 1
10 13 1
9 13 1
9 12 1
9 12 2
8 12 2
7 12 2
6 12 2
6 12 3
5 12 3
5 11 3
4 11 3
4 11 2
4 10 2
3 10 2
3 9 2
3 8 2
2 8 2
2 8 1
1 8 1
1 8 0
1 7 0
Length of path # 23 : 27
8 1 0
8 0 0
7 0 0
7 0 1
6 0 1
5 0 1
4 0 1
3 0 1
3 1 1
2 1 1
2 2 1
1 2 1
1 3 1
1 4 1
0 4 1
0 5 1
0 6 1
0 7 1
0 8 1
0 9 1
0 10 1
0 11 1
0 12 1
0 13 1
0 14 1
0 15 1
0 15 0
1 15 0
Length of path # 24 : 32
4 2 0
4 2 1
5 2 1
5 2 2
5 2 3
6 2 3
7 2 3
8 2 3
8 3 3
8 4 3
9 4 3
10 4 3
10 5 3
10 6 3
11 6 3
12 6 3
13 6 3
14 6 3
15 6 3
15 7 3
15 8 3
16 8 3
16 9 3
16 10 3
16 11 3
15 11 3
15 12 3
15 13 3
15 14 3
15 14 2
15 14 1
15 14 0
15 15 0
Length of path # 25 : 6
12 10 0
13 10 0
13 11 0
13 12 0
14 12 0
14 13 0
14 14 0
Length of path # 26 : 10
1 7 0
0 7 0
0 8 0
0 9 0
1 9 0
1 9 1
1 10 1
1 11 1
1 12 1
2 12 1
2 12 0
Length of path # 27 : 6
6 7 0
7 7 0
8 7 0
9 7 0
10 7 0
11 7 0
11 8 0
Length of path # 28 : 14
6 13 0
7 13 0
7 13 1
8 13 1
8 13 2
9 13 2
10 13 2
10 12 2
10 11 2
9 11 2
9 10 2
9 10 1
9 9 1
9 9 0
9 8 0
Length of path # 29 : 17
2 4 0
3 4 0
3 5 0
3 5 1
3 5 2
3 5 3
3 6 3
4 6 3
4 7 3
4 8 3
4 9 3
4 9 2
5 9 2
5 10 2
6 10 2
7 10 2
7 10 1
7 10 0
Length of path # 30 : 16
15 4 0
15 5 0
15 6 0
14 6 0
14 7 0
14 7 1
14 8 1
14 9 1
14 10 1
14 11 1
13 11 1
12 11 1
12 12 1
11 12 1
10 12 1
10 12 0
10 11 0
Length of path # 31 : 19
6 2 0
7 2 0
7 2 1
7 2 2
8 2 2
9 2 2
10 2 2
10 3 2
10 4 2
11 4 2
11 5 2
11 5 1
11 6 1
10 6 1
10 7 1
10 8 1
10 9 1
10 10 1
10 11 1
10 11 0
Length of path # 32 : 2
9 8 0
8 8 0
7 8 0
Length of path # 33 : 10
11 8 0
11 9 0
11 9 1
11 10 1
11 10 2
11 11 2
11 12 2
11 13 2
12 13 2
12 13 1
12 13 0
Length of path # 34 : 16
6 8 0
6 8 1
6 8 2
7 8 2
7 8 3
7 8 4
8 8 4
9 8 4
9 8 3
10 8 3
11 8 3
12 8 3
13 8 3
13 8 2
13 9 2
13 9 1
13 9 0
Length of path # 35 : 8
9 6 0
10 6 0
11 6 0
12 6 0
13 6 0
13 7 0
13 8 0
14 8 0
15 8 0
Length of path # 36 : 14
13 1 0
13 2 0
13 2 1
13 2 2
13 3 2
13 4 2
13 5 2
13 5 1
13 6 1
13 7 1
13 8 1
12 8 1
12 9 1
12 9 0
13 9 0
Length of path # 37 : 14
15 10 0
15 10 1
16 10 1
17 10 1
17 9 1
17 8 1
17 7 1
17 6 1
17 5 1
17 4 1
17 3 1
17 2 1
17 2 0
16 2 0
16 1 0
Length of path # 38 : 31
6 13 0
5 13 0
5 14 0
5 15 0
5 16 0
5 16 1
5 16 2
5 16 3
5 16 4
5 15 4
4 15 4
4 14 4
4 13 4
4 12 4
4 11 4
4 10 4
4 9 4
4 8 4
5 8 4
5 8 3
5 7 3
5 6 3
5 5 3
5 4 3
5 4 2
5 3 2
5 3 1
4 3 1
3 3 1
3 2 1
3 2 0
4 2 0
Number of paths found: 38 / 50
The total length is: 609
