[(14, 4), (12, 14), (35, 14), (4, 29), (4, 30), (14, 39), (3, 31), (46, 35), (0, 12), (36, 4), (46, 12), (14, 6), (2, 3), (12, 1), (4, 23), (35, 26), (28, 43), (43, 30), (0, 21), (3, 48), (31, 25), (5, 31), (46, 0), (42, 3), (21, 6), (31, 11), (32, 29), (8, 28), (35, 19), (39, 15), (43, 15), (28, 27), (29, 9), (26, 24), (33, 30), (48, 24), (22, 49), (8, 42), (21, 7), (36, 2), (39, 18), (17, 25), (47, 22), (10, 32), (41, 1), (5, 44), (49, 13), (20, 40), (34, 45), (37, 16)]
The lower boundary for this netlist: 600

Length of path # 1 : 4
4 11 0
4 12 0
4 13 0
4 14 0
3 14 0
Length of path # 2 : 7
8 12 0
7 12 0
7 12 1
6 12 1
5 12 1
5 11 1
5 11 0
4 11 0
Length of path # 3 : 9
2 4 0
2 5 0
2 6 0
3 6 0
3 7 0
3 8 0
4 8 0
4 9 0
4 10 0
4 11 0
Length of path # 4 : 18
3 14 0
3 14 1
4 14 1
4 13 1
4 12 1
4 12 2
5 12 2
5 11 2
6 11 2
7 11 2
8 11 2
8 10 2
8 9 2
8 8 2
9 8 2
10 8 2
11 8 2
11 8 1
11 8 0
Length of path # 5 : 22
3 14 0
3 13 0
3 13 1
3 13 2
4 13 2
5 13 2
6 13 2
7 13 2
8 13 2
9 13 2
9 12 2
9 11 2
9 10 2
9 9 2
10 9 2
11 9 2
12 9 2
12 8 2
13 8 2
14 8 2
15 8 2
15 8 1
15 8 0
Length of path # 6 : 20
4 11 0
4 11 1
4 10 1
4 9 1
4 8 1
4 7 1
4 6 1
5 6 1
5 5 1
6 5 1
7 5 1
8 5 1
9 5 1
10 5 1
11 5 1
11 4 1
12 4 1
13 4 1
14 4 1
15 4 1
15 4 0
Length of path # 7 : 28
15 15 0
15 15 1
14 15 1
14 15 2
14 14 2
14 13 2
14 12 2
14 11 2
14 10 2
14 9 2
14 9 3
14 8 3
13 8 3
12 8 3
11 8 3
10 8 3
10 7 3
9 7 3
8 7 3
7 7 3
6 7 3
5 7 3
4 7 3
3 7 3
3 7 2
2 7 2
1 7 2
1 7 1
1 7 0
Length of path # 8 : 11
8 1 0
8 1 1
7 1 1
7 2 1
7 3 1
6 3 1
5 3 1
4 3 1
3 3 1
2 3 1
2 4 1
2 4 0
Length of path # 9 : 12
1 15 0
2 15 0
2 15 1
3 15 1
4 15 1
5 15 1
5 14 1
6 14 1
7 14 1
8 14 1
8 14 0
8 13 0
8 12 0
Length of path # 10 : 19
4 4 0
4 5 0
4 5 1
4 5 2
4 6 2
4 7 2
4 8 2
4 9 2
4 10 2
4 11 2
4 11 3
4 12 3
4 13 3
4 14 3
4 14 2
3 14 2
2 14 2
2 14 1
2 14 0
3 14 0
Length of path # 11 : 15
8 1 0
8 2 0
8 2 1
8 3 1
8 4 1
8 4 2
8 5 2
8 6 2
8 7 2
8 7 1
8 8 1
8 9 1
8 10 1
8 11 1
8 12 1
8 12 0
Length of path # 12 : 23
4 11 0
3 11 0
3 11 1
3 11 2
3 10 2
3 10 3
4 10 3
5 10 3
5 11 3
6 11 3
7 11 3
8 11 3
9 11 3
10 11 3
11 11 3
12 11 3
13 11 3
13 11 2
13 11 1
14 11 1
14 12 1
14 13 1
14 14 1
14 14 0
Length of path # 13 : 7
10 15 0
11 15 0
11 16 0
12 16 0
13 16 0
14 16 0
15 16 0
15 15 0
Length of path # 14 : 9
8 12 0
9 12 0
9 13 0
9 14 0
9 14 1
9 15 1
8 15 1
7 15 1
6 15 1
6 15 0
Length of path # 15 : 20
3 14 0
3 15 0
3 16 0
3 16 1
3 16 2
3 15 2
3 15 3
3 14 3
3 13 3
3 12 3
3 11 3
2 11 3
2 10 3
2 9 3
3 9 3
4 9 3
5 9 3
6 9 3
6 9 2
6 9 1
6 9 0
Length of path # 16 : 12
2 4 0
3 4 0
3 4 1
3 4 2
4 4 2
5 4 2
5 5 2
5 6 2
5 7 2
5 8 2
5 8 1
5 8 0
6 8 0
Length of path # 17 : 13
9 8 0
9 8 1
9 7 1
9 7 2
9 6 2
9 5 2
9 4 2
9 3 2
8 3 2
7 3 2
6 3 2
6 2 2
6 2 1
6 2 0
Length of path # 18 : 21
6 2 0
6 3 0
6 4 0
6 4 1
6 4 2
6 5 2
7 5 2
7 6 2
7 6 3
8 6 3
9 6 3
10 6 3
11 6 3
12 6 3
12 6 2
13 6 2
14 6 2
15 6 2
15 6 1
15 7 1
15 7 0
15 8 0
Length of path # 19 : 24
1 15 0
1 15 1
1 15 2
2 15 2
2 15 3
2 15 4
3 15 4
4 15 4
5 15 4
6 15 4
7 15 4
7 14 4
8 14 4
9 14 4
10 14 4
11 14 4
12 14 4
12 13 4
12 12 4
12 11 4
12 10 4
12 10 3
12 10 2
12 10 1
12 10 0
Length of path # 20 : 22
15 15 0
16 15 0
16 14 0
16 14 1
16 13 1
16 12 1
16 12 2
16 11 2
16 10 2
16 9 2
16 8 2
16 7 2
16 6 2
16 5 2
16 4 2
16 3 2
15 3 2
14 3 2
14 2 2
14 1 2
13 1 2
13 1 1
13 1 0
Length of path # 21 : 25
1 7 0
2 7 0
2 7 1
3 7 1
3 8 1
3 8 2
3 8 3
4 8 3
5 8 3
6 8 3
7 8 3
8 8 3
9 8 3
9 9 3
10 9 3
11 9 3
12 9 3
13 9 3
13 10 3
14 10 3
15 10 3
15 9 3
15 9 2
15 9 1
16 9 1
16 9 0
Length of path # 22 : 26
12 14 0
12 14 1
12 14 2
12 13 2
12 12 2
12 11 2
11 11 2
11 10 2
10 10 2
10 10 3
9 10 3
8 10 3
7 10 3
6 10 3
6 10 4
5 10 4
5 9 4
4 9 4
3 9 4
2 9 4
1 9 4
1 9 3
1 9 2
1 8 2
1 8 1
1 8 0
1 7 0
Length of path # 23 : 27
8 1 0
8 0 0
7 0 0
7 0 1
6 0 1
5 0 1
4 0 1
3 0 1
3 1 1
3 2 1
2 2 1
1 2 1
1 3 1
1 4 1
1 5 1
1 6 1
0 6 1
0 7 1
0 8 1
0 9 1
0 10 1
0 11 1
0 12 1
0 13 1
0 14 1
0 15 1
0 15 0
1 15 0
Length of path # 24 : 32
4 2 0
4 2 1
4 2 2
4 3 2
5 3 2
5 3 3
6 3 3
6 4 3
6 5 3
7 5 3
8 5 3
9 5 3
9 5 4
9 6 4
9 7 4
10 7 4
10 8 4
11 8 4
11 9 4
11 10 4
11 11 4
11 12 4
11 12 3
12 12 3
12 13 3
12 14 3
13 14 3
13 14 2
13 15 2
13 15 1
13 15 0
14 15 0
15 15 0
Length of path # 25 : 6
12 10 0
13 10 0
13 11 0
13 12 0
14 12 0
14 13 0
14 14 0
Length of path # 26 : 12
1 7 0
0 7 0
0 8 0
0 9 0
1 9 0
1 9 1
2 9 1
2 9 2
2 10 2
2 11 2
2 12 2
2 12 1
2 12 0
Length of path # 27 : 10
6 7 0
6 7 1
7 7 1
7 6 1
8 6 1
9 6 1
10 6 1
11 6 1
11 7 1
11 7 0
11 8 0
Length of path # 28 : 10
6 13 0
7 13 0
7 13 1
8 13 1
9 13 1
9 12 1
9 11 1
9 10 1
9 9 1
9 9 0
9 8 0
Length of path # 29 : 21
2 4 0
1 4 0
0 4 0
0 4 1
0 4 2
1 4 2
1 5 2
2 5 2
3 5 2
3 5 3
4 5 3
5 5 3
5 6 3
6 6 3
6 6 2
6 7 2
7 7 2
7 8 2
7 9 2
7 10 2
7 10 1
7 10 0
Length of path # 30 : 14
15 4 0
15 5 0
15 6 0
14 6 0
14 7 0
13 7 0
13 7 1
13 8 1
12 8 1
12 9 1
11 9 1
10 9 1
10 10 1
10 11 1
10 11 0
Length of path # 31 : 25
6 2 0
5 2 0
5 2 1
5 2 2
5 2 3
6 2 3
7 2 3
7 3 3
8 3 3
8 4 3
8 4 4
8 5 4
8 6 4
8 7 4
8 8 4
8 9 4
9 9 4
9 10 4
10 10 4
10 11 4
10 12 4
10 12 3
10 12 2
10 12 1
10 12 0
10 11 0
Length of path # 32 : 2
9 8 0
8 8 0
7 8 0
Length of path # 33 : 18
11 8 0
12 8 0
12 7 0
12 7 1
12 7 2
12 7 3
12 7 4
12 8 4
12 9 4
13 9 4
13 10 4
13 11 4
13 12 4
13 12 3
13 12 2
13 12 1
12 12 1
12 13 1
12 13 0
Length of path # 34 : 38
6 8 0
6 8 1
7 8 1
7 9 1
7 9 0
8 9 0
8 10 0
8 11 0
7 11 0
6 11 0
6 12 0
5 12 0
5 13 0
5 14 0
5 15 0
5 16 0
5 16 1
6 16 1
7 16 1
8 16 1
9 16 1
10 16 1
11 16 1
12 16 1
13 16 1
14 16 1
14 16 2
15 16 2
15 15 2
15 14 2
15 13 2
15 12 2
15 11 2
15 10 2
15 10 1
14 10 1
14 9 1
13 9 1
13 9 0
Length of path # 35 : 10
9 6 0
10 6 0
11 6 0
12 6 0
13 6 0
13 6 1
14 6 1
14 7 1
14 8 1
14 8 0
15 8 0
Length of path # 36 : 18
13 1 0
13 2 0
13 2 1
13 2 2
13 3 2
13 4 2
13 5 2
12 5 2
11 5 2
11 6 2
11 7 2
10 7 2
10 7 1
10 8 1
10 8 0
10 9 0
11 9 0
12 9 0
13 9 0
Length of path # 37 : 14
15 10 0
16 10 0
17 10 0
17 10 1
17 9 1
17 8 1
17 7 1
17 6 1
17 5 1
17 4 1
17 3 1
16 3 1
16 2 1
16 1 1
16 1 0
Number of paths found: 37 / 50
The total length is: 624
