[(14, 4), (12, 14), (35, 14), (4, 29), (4, 30), (14, 39), (3, 31), (46, 35), (0, 12), (36, 4), (46, 12), (14, 6), (2, 3), (12, 1), (4, 23), (35, 26), (28, 43), (43, 30), (0, 21), (3, 48), (31, 25), (5, 31), (46, 0), (42, 3), (21, 6), (31, 11), (32, 29), (8, 28), (35, 19), (39, 15), (43, 15), (28, 27), (29, 9), (26, 24), (33, 30), (48, 24), (22, 49), (8, 42), (21, 7), (36, 2), (39, 18), (17, 25), (47, 22), (10, 32), (41, 1), (5, 44), (49, 13), (20, 40), (34, 45), (37, 16)]
The lower boundary for this netlist: 600

Length of path # 1 : 4
4 11 0
4 12 0
4 13 0
4 14 0
3 14 0
Length of path # 2 : 7
8 12 0
7 12 0
7 12 1
6 12 1
5 12 1
4 12 1
4 11 1
4 11 0
Length of path # 3 : 9
2 4 0
2 5 0
2 6 0
3 6 0
3 7 0
3 8 0
4 8 0
4 9 0
4 10 0
4 11 0
Length of path # 4 : 18
3 14 0
3 14 1
4 14 1
4 13 1
4 13 2
4 12 2
5 12 2
6 12 2
7 12 2
7 11 2
8 11 2
8 10 2
8 9 2
9 9 2
10 9 2
11 9 2
11 8 2
11 8 1
11 8 0
Length of path # 5 : 24
3 14 0
3 13 0
3 13 1
3 13 2
3 13 3
4 13 3
5 13 3
6 13 3
7 13 3
8 13 3
9 13 3
10 13 3
11 13 3
12 13 3
13 13 3
14 13 3
15 13 3
15 12 3
15 11 3
15 10 3
15 9 3
15 8 3
15 8 2
15 8 1
15 8 0
Length of path # 6 : 20
4 11 0
5 11 0
6 11 0
6 11 1
7 11 1
8 11 1
8 10 1
8 9 1
8 8 1
8 7 1
9 7 1
10 7 1
11 7 1
12 7 1
13 7 1
14 7 1
14 6 1
15 6 1
15 5 1
15 4 1
15 4 0
Length of path # 7 : 26
15 15 0
15 15 1
14 15 1
14 15 2
14 14 2
14 13 2
14 12 2
14 11 2
14 10 2
14 9 2
14 8 2
13 8 2
12 8 2
12 7 2
11 7 2
10 7 2
9 7 2
8 7 2
7 7 2
6 7 2
5 7 2
4 7 2
3 7 2
2 7 2
1 7 2
1 7 1
1 7 0
Length of path # 8 : 13
8 1 0
8 1 1
7 1 1
7 1 2
6 1 2
5 1 2
4 1 2
3 1 2
3 2 2
2 2 2
2 3 2
2 4 2
2 4 1
2 4 0
Length of path # 9 : 12
1 15 0
2 15 0
2 15 1
3 15 1
4 15 1
5 15 1
5 14 1
6 14 1
7 14 1
8 14 1
8 14 0
8 13 0
8 12 0
Length of path # 10 : 17
4 4 0
4 5 0
4 6 0
4 6 1
3 6 1
3 7 1
3 8 1
3 9 1
3 10 1
3 11 1
3 12 1
3 12 2
2 12 2
2 13 2
2 14 2
2 14 1
2 14 0
3 14 0
Length of path # 11 : 17
8 1 0
8 2 0
8 2 1
8 3 1
8 4 1
8 5 1
8 6 1
8 6 2
8 6 3
8 7 3
8 8 3
8 9 3
8 10 3
8 11 3
8 12 3
8 12 2
8 12 1
8 12 0
Length of path # 12 : 23
4 11 0
3 11 0
2 11 0
2 11 1
2 11 2
2 11 3
2 12 3
2 13 3
2 14 3
3 14 3
4 14 3
5 14 3
5 14 2
6 14 2
7 14 2
8 14 2
9 14 2
10 14 2
11 14 2
12 14 2
13 14 2
13 14 1
14 14 1
14 14 0
Length of path # 13 : 7
10 15 0
11 15 0
11 16 0
12 16 0
13 16 0
14 16 0
15 16 0
15 15 0
Length of path # 14 : 9
8 12 0
9 12 0
9 13 0
9 14 0
9 14 1
9 15 1
8 15 1
7 15 1
6 15 1
6 15 0
Length of path # 15 : 20
3 14 0
3 15 0
3 16 0
3 16 1
3 16 2
3 15 2
4 15 2
4 15 3
4 15 4
4 14 4
4 13 4
4 12 4
4 12 3
5 12 3
5 11 3
5 11 2
6 11 2
6 10 2
6 9 2
6 9 1
6 9 0
Length of path # 16 : 10
2 4 0
3 4 0
3 5 0
3 5 1
4 5 1
5 5 1
5 6 1
5 7 1
5 8 1
5 8 0
6 8 0
Length of path # 17 : 15
9 8 0
9 8 1
9 8 2
9 8 3
9 7 3
9 6 3
9 5 3
9 4 3
9 3 3
9 2 3
9 2 2
8 2 2
7 2 2
6 2 2
6 2 1
6 2 0
Length of path # 18 : 19
6 2 0
6 3 0
6 3 1
7 3 1
7 3 2
8 3 2
8 4 2
9 4 2
9 5 2
10 5 2
11 5 2
11 6 2
12 6 2
13 6 2
14 6 2
15 6 2
15 7 2
15 7 1
15 7 0
15 8 0
Length of path # 19 : 24
1 15 0
1 15 1
1 15 2
2 15 2
2 15 3
3 15 3
3 15 4
3 14 4
3 13 4
3 12 4
3 11 4
4 11 4
5 11 4
6 11 4
7 11 4
8 11 4
9 11 4
9 11 3
10 11 3
11 11 3
12 11 3
12 10 3
12 10 2
12 10 1
12 10 0
Length of path # 20 : 22
15 15 0
16 15 0
16 14 0
16 14 1
16 13 1
16 12 1
16 12 2
16 11 2
16 10 2
16 9 2
16 8 2
16 7 2
16 7 1
16 6 1
16 5 1
16 4 1
16 3 1
15 3 1
15 2 1
14 2 1
14 1 1
13 1 1
13 1 0
Length of path # 21 : 29
1 7 0
2 7 0
2 7 1
2 6 1
2 6 2
3 6 2
4 6 2
5 6 2
6 6 2
7 6 2
7 6 3
7 6 4
8 6 4
9 6 4
10 6 4
10 7 4
11 7 4
12 7 4
13 7 4
14 7 4
14 7 3
15 7 3
16 7 3
17 7 3
17 7 2
17 7 1
17 8 1
17 9 1
17 9 0
16 9 0
Length of path # 22 : 26
12 14 0
11 14 0
11 14 1
10 14 1
10 13 1
9 13 1
9 12 1
9 12 2
9 12 3
9 12 4
8 12 4
7 12 4
7 12 3
7 11 3
7 10 3
6 10 3
6 9 3
5 9 3
4 9 3
4 8 3
3 8 3
2 8 3
2 8 2
2 8 1
1 8 1
1 8 0
1 7 0
Length of path # 23 : 31
8 1 0
8 0 0
8 0 1
8 0 2
8 1 2
8 1 3
8 2 3
8 3 3
8 4 3
7 4 3
7 5 3
6 5 3
5 5 3
4 5 3
4 6 3
3 6 3
2 6 3
1 6 3
1 7 3
1 8 3
1 9 3
1 10 3
1 11 3
1 12 3
1 13 3
1 14 3
1 14 2
0 14 2
0 15 2
0 15 1
0 15 0
1 15 0
Length of path # 24 : 32
4 2 0
4 2 1
4 3 1
4 3 2
4 4 2
4 4 3
4 4 4
4 5 4
4 6 4
4 7 4
5 7 4
6 7 4
7 7 4
8 7 4
8 8 4
8 9 4
9 9 4
9 10 4
10 10 4
10 11 4
10 12 4
11 12 4
11 13 4
11 14 4
11 15 4
12 15 4
12 15 3
13 15 3
13 15 2
13 15 1
13 15 0
14 15 0
15 15 0
Length of path # 25 : 6
12 10 0
13 10 0
13 11 0
13 12 0
14 12 0
14 13 0
14 14 0
Length of path # 26 : 10
1 7 0
0 7 0
0 8 0
0 9 0
0 10 0
0 10 1
0 11 1
0 12 1
1 12 1
2 12 1
2 12 0
Length of path # 27 : 6
6 7 0
7 7 0
8 7 0
9 7 0
10 7 0
11 7 0
11 8 0
Length of path # 28 : 14
6 13 0
7 13 0
7 13 1
8 13 1
8 13 2
9 13 2
10 13 2
10 12 2
10 11 2
9 11 2
9 10 2
9 10 1
9 9 1
9 9 0
9 8 0
Length of path # 29 : 19
2 4 0
1 4 0
1 5 0
1 5 1
1 6 1
0 6 1
0 7 1
0 8 1
0 9 1
1 9 1
2 9 1
2 9 2
3 9 2
4 9 2
4 10 2
5 10 2
5 10 1
6 10 1
7 10 1
7 10 0
Length of path # 30 : 20
15 4 0
15 5 0
14 5 0
14 5 1
14 5 2
14 5 3
14 6 3
13 6 3
13 7 3
13 8 3
13 9 3
12 9 3
11 9 3
11 10 3
11 10 2
11 11 2
11 12 2
11 12 1
10 12 1
10 12 0
10 11 0
Length of path # 31 : 23
6 2 0
5 2 0
5 2 1
5 2 2
5 2 3
6 2 3
7 2 3
7 3 3
7 3 4
7 4 4
8 4 4
9 4 4
10 4 4
10 4 3
10 5 3
10 6 3
10 7 3
10 8 3
10 9 3
10 10 3
10 10 2
10 10 1
10 11 1
10 11 0
Length of path # 32 : 2
9 8 0
8 8 0
7 8 0
Length of path # 33 : 12
11 8 0
12 8 0
12 8 1
12 9 1
12 9 2
13 9 2
13 10 2
13 11 2
13 12 2
13 13 2
12 13 2
12 13 1
12 13 0
Length of path # 34 : 22
6 8 0
6 8 1
6 8 2
6 8 3
6 7 3
6 6 3
6 6 4
6 5 4
7 5 4
8 5 4
9 5 4
10 5 4
11 5 4
11 5 3
12 5 3
13 5 3
13 5 2
13 5 1
13 6 1
13 6 0
13 7 0
13 8 0
13 9 0
Length of path # 35 : 22
9 6 0
10 6 0
11 6 0
11 6 1
11 5 1
11 4 1
12 4 1
13 4 1
14 4 1
14 4 2
15 4 2
15 5 2
16 5 2
16 6 2
17 6 2
17 6 1
17 6 0
16 6 0
15 6 0
14 6 0
14 7 0
14 8 0
15 8 0
Length of path # 36 : 26
13 1 0
13 2 0
13 2 1
13 2 2
13 3 2
13 4 2
13 4 3
13 4 4
13 5 4
13 6 4
13 6 5
13 7 5
13 8 5
13 9 5
13 9 4
13 10 4
13 10 3
13 11 3
13 12 3
12 12 3
12 12 2
12 12 1
13 12 1
13 11 1
13 10 1
13 9 1
13 9 0
Length of path # 37 : 20
15 10 0
15 10 1
16 10 1
17 10 1
17 10 2
17 9 2
17 8 2
17 8 3
16 8 3
16 8 4
16 7 4
16 6 4
16 5 4
16 5 3
16 4 3
16 4 2
16 3 2
16 2 2
16 1 2
16 1 1
16 1 0
Length of path # 38 : 31
6 13 0
5 13 0
5 14 0
5 15 0
5 16 0
5 16 1
5 16 2
5 15 2
5 15 3
5 15 4
5 14 4
5 13 4
5 13 5
4 13 5
4 12 5
4 11 5
4 10 5
4 9 5
4 8 5
4 7 5
4 6 5
4 5 5
4 4 5
4 3 5
4 3 4
4 3 3
3 3 3
3 3 2
3 3 1
3 2 1
3 2 0
4 2 0
Number of paths found: 38 / 50
The total length is: 667
