[(3, 15), (3, 5), (15, 5), (5, 7), (7, 13), (3, 4), (3, 23), (22, 13), (19, 5), (10, 7), (15, 8), (7, 9), (3, 0), (9, 13), (15, 21), (10, 4), (15, 17), (20, 10), (23, 4), (20, 19), (13, 18), (22, 16), (22, 11), (16, 9), (19, 2), (23, 8), (2, 20), (1, 0), (11, 24), (6, 14)]
The lower boundary for this netlist: 291

Length of path # 1 : 20
15 11 0
15 10 0
15 9 0
15 8 0
14 8 0
14 7 0
13 7 0
12 7 0
12 6 0
11 6 0
10 6 0
9 6 0
8 6 0
7 6 0
6 6 0
5 6 0
5 5 0
4 5 0
3 5 0
2 5 0
2 4 0
Length of path # 2 : 4
15 11 0
14 11 0
13 11 0
12 11 0
12 10 0
Length of path # 3 : 18
2 4 0
2 4 1
2 5 1
3 5 1
4 5 1
5 5 1
6 5 1
7 5 1
8 5 1
9 5 1
10 5 1
10 6 1
10 7 1
10 8 1
10 9 1
10 10 1
11 10 1
12 10 1
12 10 0
Length of path # 4 : 1
12 10 0
12 9 0
Length of path # 5 : 7
12 9 0
13 9 0
13 8 0
13 8 1
13 7 1
13 6 1
13 6 0
13 5 0
Length of path # 6 : 15
15 11 0
15 11 1
14 11 1
13 11 1
12 11 1
11 11 1
10 11 1
9 11 1
8 11 1
7 11 1
7 10 1
6 10 1
5 10 1
5 10 0
4 10 0
3 10 0
Length of path # 7 : 28
15 11 0
16 11 0
16 10 0
16 9 0
16 9 1
15 9 1
14 9 1
14 8 1
14 7 1
14 6 1
14 5 1
14 4 1
13 4 1
12 4 1
11 4 1
10 4 1
10 3 1
9 3 1
8 3 1
8 2 1
8 1 1
7 1 1
6 1 1
5 1 1
4 1 1
3 1 1
2 1 1
1 1 1
1 1 0
Length of path # 8 : 7
9 2 0
10 2 0
10 3 0
11 3 0
12 3 0
13 3 0
13 4 0
13 5 0
Length of path # 9 : 13
15 4 0
15 4 1
15 4 2
14 4 2
14 5 2
14 6 2
13 6 2
13 7 2
13 8 2
13 9 2
13 9 1
13 10 1
13 10 0
12 10 0
Length of path # 10 : 10
4 7 0
5 7 0
5 8 0
5 9 0
6 9 0
7 9 0
8 9 0
9 9 0
10 9 0
11 9 0
12 9 0
Length of path # 11 : 14
2 4 0
3 4 0
3 4 1
3 4 2
3 5 2
4 5 2
5 5 2
6 5 2
6 6 2
6 7 2
6 8 2
6 8 1
7 8 1
7 8 0
8 8 0
Length of path # 12 : 15
12 9 0
12 8 0
11 8 0
10 8 0
10 7 0
9 7 0
8 7 0
7 7 0
6 7 0
6 7 1
5 7 1
4 7 1
3 7 1
2 7 1
2 7 0
1 7 0
Length of path # 13 : 16
15 11 0
15 12 0
14 12 0
13 12 0
12 12 0
11 12 0
10 12 0
9 12 0
8 12 0
7 12 0
6 12 0
5 12 0
4 12 0
3 12 0
2 12 0
1 12 0
1 11 0
Length of path # 14 : 18
1 7 0
1 6 0
2 6 0
3 6 0
4 6 0
4 6 1
5 6 1
6 6 1
7 6 1
8 6 1
9 6 1
9 6 2
10 6 2
11 6 2
12 6 2
12 5 2
12 5 1
12 5 0
13 5 0
Length of path # 15 : 2
2 4 0
2 3 0
2 2 0
Length of path # 16 : 4
4 7 0
4 8 0
4 9 0
3 9 0
3 10 0
Length of path # 17 : 13
2 4 0
1 4 0
1 4 1
1 3 1
2 3 1
3 3 1
3 3 0
4 3 0
5 3 0
6 3 0
7 3 0
8 3 0
8 4 0
9 4 0
Length of path # 18 : 11
1 3 0
0 3 0
0 4 0
0 5 0
0 6 0
0 7 0
0 8 0
1 8 0
2 8 0
3 8 0
3 7 0
4 7 0
Length of path # 19 : 15
1 1 0
1 2 0
1 2 1
0 2 1
0 3 1
0 4 1
0 5 1
0 6 1
0 7 1
0 8 1
1 8 1
1 9 1
1 10 1
2 10 1
3 10 1
3 10 0
Number of paths found: 19 / 30
The total length is: 231
