[(7, 5), (12, 14), (15, 21), (13, 19), (4, 1), (22, 18), (2, 3), (2, 6), (4, 9), (8, 1), (8, 7), (8, 10), (11, 17), (10, 1), (20, 16), (3, 19), (4, 8), (5, 12), (10, 0), (17, 15), (22, 11), (8, 9), (11, 3), (18, 2), (5, 14), (13, 2), (17, 21), (24, 16), (12, 24), (18, 10), (1, 15), (2, 16), (6, 4), (16, 7), (17, 9), (18, 20), (24, 23), (1, 13), (24, 15), (11, 0), (10, 3), (12, 9), (13, 4), (19, 21), (0, 22), (0, 13), (3, 9), (7, 23), (20, 6), (0, 14)]
The lower boundary for this netlist: 475

Length of path # 1 : 1
12 9 0
12 10 0
Length of path # 2 : 2
16 7 0
16 6 0
16 5 0
Length of path # 3 : 2
2 4 0
2 3 0
2 2 0
Length of path # 4 : 3
13 5 0
14 5 0
14 4 0
15 4 0
Length of path # 5 : 4
3 10 0
4 10 0
5 10 0
5 11 0
6 11 0
Length of path # 6 : 4
9 2 0
10 2 0
10 3 0
11 3 0
11 4 0
Length of path # 7 : 9
10 11 0
10 12 0
11 12 0
11 12 1
12 12 1
13 12 1
13 12 0
14 12 0
15 12 0
15 11 0
Length of path # 8 : 9
10 11 0
10 11 1
11 11 1
11 11 2
12 11 2
13 11 2
14 11 2
14 11 1
14 10 1
14 10 0
Length of path # 9 : 5
3 10 0
3 9 0
2 9 0
1 9 0
1 8 0
1 7 0
Length of path # 10 : 5
8 8 0
8 9 0
8 10 0
8 11 0
7 11 0
6 11 0
Length of path # 11 : 5
8 8 0
9 8 0
10 8 0
10 9 0
11 9 0
12 9 0
Length of path # 12 : 5
8 8 0
7 8 0
6 8 0
5 8 0
5 7 0
4 7 0
Length of path # 13 : 5
11 7 0
10 7 0
10 6 0
10 5 0
9 5 0
9 4 0
Length of path # 14 : 6
4 7 0
4 8 0
4 9 0
5 9 0
6 9 0
6 10 0
6 11 0
Length of path # 15 : 8
1 3 0
1 3 1
2 3 1
3 3 1
4 3 1
5 3 1
6 3 1
6 3 0
6 4 0
Length of path # 16 : 11
15 11 0
15 11 1
15 10 1
15 9 1
15 8 1
15 8 2
15 7 2
15 6 2
15 5 2
15 4 2
15 4 1
15 4 0
Length of path # 17 : 9
3 10 0
3 10 1
4 10 1
4 9 1
5 9 1
6 9 1
7 9 1
8 9 1
8 8 1
8 8 0
Length of path # 18 : 11
12 10 0
12 10 1
13 10 1
13 10 2
13 9 2
13 8 2
13 7 2
14 7 2
14 7 1
15 7 1
15 7 0
16 7 0
Length of path # 19 : 9
4 7 0
4 7 1
4 8 1
3 8 1
2 8 1
2 9 1
1 9 1
1 10 1
1 11 1
1 11 0
Length of path # 20 : 13
9 4 0
9 4 1
8 4 1
8 5 1
7 5 1
7 5 2
6 5 2
5 5 2
4 5 2
3 5 2
2 5 2
2 4 2
2 4 1
2 4 0
Length of path # 21 : 11
9 2 0
9 2 1
10 2 1
10 3 1
10 3 2
10 4 2
10 5 2
10 6 2
10 6 1
10 7 1
11 7 1
11 7 0
Length of path # 22 : 14
8 8 0
8 7 0
7 7 0
7 7 1
6 7 1
6 7 2
5 7 2
5 6 2
4 6 2
3 6 2
2 6 2
1 6 2
1 6 1
1 7 1
1 7 0
Length of path # 23 : 14
11 7 0
12 7 0
13 7 0
13 7 1
13 8 1
14 8 1
14 8 2
14 9 2
15 9 2
15 10 2
16 10 2
16 10 1
16 11 1
16 11 0
15 11 0
Length of path # 24 : 16
11 4 0
11 4 1
11 4 2
11 4 3
10 4 3
10 5 3
10 6 3
10 7 3
10 8 3
10 9 3
10 10 3
10 11 3
9 11 3
9 11 2
9 11 1
9 11 0
10 11 0
Length of path # 25 : 15
12 10 0
11 10 0
11 10 1
11 10 2
11 9 2
11 8 2
12 8 2
12 7 2
12 6 2
13 6 2
14 6 2
14 6 1
15 6 1
16 6 1
16 5 1
16 5 0
Length of path # 26 : 13
13 5 0
13 5 1
12 5 1
12 5 2
11 5 2
11 6 2
11 7 2
10 7 2
10 8 2
10 9 2
10 10 2
10 10 1
10 10 0
10 11 0
Length of path # 27 : 11
9 4 0
8 4 0
8 3 0
8 3 1
7 3 1
7 2 1
6 2 1
5 2 1
4 2 1
3 2 1
2 2 1
2 2 0
Length of path # 28 : 13
12 1 0
11 1 0
10 1 0
10 1 1
10 1 2
9 1 2
8 1 2
7 1 2
7 2 2
7 3 2
6 3 2
6 4 2
6 4 1
6 4 0
Length of path # 29 : 16
16 7 0
16 7 1
16 7 2
16 7 3
15 7 3
14 7 3
13 7 3
12 7 3
12 6 3
12 5 3
12 4 3
12 3 3
12 2 3
12 1 3
12 1 2
12 1 1
12 1 0
Length of path # 30 : 12
11 4 0
11 5 0
11 5 1
10 5 1
9 5 1
9 6 1
8 6 1
7 6 1
6 6 1
5 6 1
4 6 1
4 6 0
4 7 0
Length of path # 31 : 17
6 11 0
6 11 1
5 11 1
5 10 1
5 10 2
5 9 2
5 8 2
5 8 3
5 7 3
5 6 3
5 5 3
5 4 3
4 4 3
4 4 2
3 4 2
3 4 1
3 4 0
2 4 0
Length of path # 32 : 21
10 11 0
11 11 0
12 11 0
13 11 0
13 10 0
13 9 0
13 9 1
12 9 1
11 9 1
10 9 1
9 9 1
9 9 2
9 8 2
9 7 2
9 6 2
8 6 2
8 5 2
8 4 2
7 4 2
7 4 1
7 4 0
6 4 0
Length of path # 33 : 25
14 10 0
15 10 0
16 10 0
17 10 0
17 10 1
17 10 2
17 11 2
16 11 2
16 12 2
15 12 2
14 12 2
13 12 2
12 12 2
11 12 2
10 12 2
9 12 2
8 12 2
7 12 2
6 12 2
5 12 2
4 12 2
4 12 1
4 12 0
4 11 0
3 11 0
3 10 0
Length of path # 34 : 13
6 4 0
6 5 0
6 6 0
7 6 0
8 6 0
9 6 0
9 7 0
9 7 1
9 8 1
10 8 1
11 8 1
12 8 1
12 8 0
12 9 0
Length of path # 35 : 21
9 4 0
9 3 0
9 3 1
9 3 2
8 3 2
8 3 3
7 3 3
6 3 3
5 3 3
4 3 3
4 3 4
4 4 4
4 5 4
3 5 4
2 5 4
2 5 3
1 5 3
1 5 2
1 5 1
1 5 0
1 6 0
1 7 0
Length of path # 36 : 23
11 4 0
12 4 0
12 3 0
12 3 1
12 3 2
11 3 2
11 3 3
10 3 3
9 3 3
9 2 3
8 2 3
7 2 3
6 2 3
5 2 3
4 2 3
3 2 3
3 3 3
2 3 3
1 3 3
0 3 3
0 3 2
0 3 1
0 3 0
1 3 0
Length of path # 37 : 15
12 1 0
12 0 0
11 0 0
10 0 0
10 0 1
9 0 1
8 0 1
7 0 1
6 0 1
5 0 1
4 0 1
3 0 1
2 0 1
1 0 1
1 0 0
1 1 0
Length of path # 38 : 25
6 11 0
6 12 0
7 12 0
8 12 0
8 12 1
8 11 1
8 11 2
8 11 3
8 11 4
9 11 4
10 11 4
10 10 4
11 10 4
12 10 4
13 10 4
13 9 4
13 8 4
13 7 4
13 6 4
13 6 3
13 5 3
13 4 3
13 4 2
13 4 1
13 4 0
13 5 0
Length of path # 39 : 25
12 1 0
12 2 0
11 2 0
11 2 1
11 2 2
11 1 2
11 0 2
10 0 2
9 0 2
8 0 2
7 0 2
6 0 2
5 0 2
4 0 2
4 1 2
4 2 2
4 3 2
5 3 2
5 4 2
5 4 1
4 4 1
4 5 1
3 5 1
2 5 1
2 5 0
2 4 0
Length of path # 40 : 34
11 7 0
11 6 0
12 6 0
13 6 0
14 6 0
14 7 0
14 8 0
15 8 0
15 9 0
16 9 0
16 9 1
16 9 2
16 9 3
15 9 3
14 9 3
13 9 3
13 10 3
13 11 3
12 11 3
11 11 3
11 12 3
10 12 3
9 12 3
8 12 3
7 12 3
6 12 3
5 12 3
4 12 3
3 12 3
3 12 2
2 12 2
2 12 1
1 12 1
1 12 0
1 11 0
Number of paths found: 40 / 50
The total length is: 480
