[(14, 4), (12, 14), (35, 14), (4, 29), (4, 30), (14, 39), (3, 31), (46, 35), (0, 12), (36, 4), (46, 12), (14, 6), (2, 3), (12, 1), (4, 23), (35, 26), (28, 43), (43, 30), (0, 21), (3, 48), (31, 25), (5, 31), (46, 0), (42, 3), (21, 6), (31, 11), (32, 29), (8, 28), (35, 19), (39, 15), (43, 15), (28, 27), (29, 9), (26, 24), (33, 30), (48, 24), (22, 49), (8, 42), (21, 7), (36, 2), (39, 18), (17, 25), (47, 22), (10, 32), (41, 1), (5, 44), (49, 13), (20, 40), (34, 45), (37, 16)]
The lower boundary for this netlist: 600

Length of path # 1 : 4
4 11 0
4 12 0
4 13 0
3 13 0
3 14 0
Length of path # 2 : 5
8 12 0
7 12 0
7 11 0
6 11 0
5 11 0
4 11 0
Length of path # 3 : 9
2 4 0
2 5 0
2 6 0
2 7 0
3 7 0
3 8 0
3 9 0
3 10 0
3 11 0
4 11 0
Length of path # 4 : 14
3 14 0
4 14 0
5 14 0
6 14 0
7 14 0
8 14 0
8 13 0
9 13 0
9 12 0
9 11 0
9 10 0
9 9 0
10 9 0
10 8 0
11 8 0
Length of path # 5 : 20
3 14 0
3 14 1
4 14 1
5 14 1
6 14 1
7 14 1
8 14 1
9 14 1
9 14 0
10 14 0
10 13 0
11 13 0
11 12 0
12 12 0
12 11 0
13 11 0
13 10 0
14 10 0
14 9 0
14 8 0
15 8 0
Length of path # 6 : 18
4 11 0
4 10 0
5 10 0
5 9 0
5 8 0
5 7 0
5 6 0
5 5 0
6 5 0
7 5 0
8 5 0
9 5 0
10 5 0
11 5 0
11 4 0
12 4 0
13 4 0
14 4 0
15 4 0
Length of path # 7 : 24
15 15 0
14 15 0
13 15 0
12 15 0
11 15 0
11 15 1
10 15 1
9 15 1
8 15 1
7 15 1
6 15 1
5 15 1
4 15 1
3 15 1
2 15 1
1 15 1
1 14 1
1 13 1
1 12 1
1 11 1
1 10 1
1 10 0
1 9 0
1 8 0
1 7 0
Length of path # 8 : 9
8 1 0
8 2 0
7 2 0
7 3 0
6 3 0
5 3 0
4 3 0
3 3 0
2 3 0
2 4 0
Length of path # 9 : 12
1 15 0
1 14 0
2 14 0
2 13 0
2 13 1
2 12 1
3 12 1
4 12 1
5 12 1
6 12 1
7 12 1
8 12 1
8 12 0
Length of path # 10 : 19
4 4 0
3 4 0
3 5 0
3 6 0
3 6 1
3 7 1
3 8 1
3 9 1
3 10 1
3 11 1
3 11 2
3 12 2
3 13 2
3 14 2
3 15 2
3 16 2
3 16 1
3 16 0
3 15 0
3 14 0
Length of path # 11 : 13
8 1 0
8 1 1
8 2 1
8 3 1
8 4 1
8 5 1
8 6 1
8 7 1
8 8 1
8 9 1
8 10 1
8 11 1
8 11 0
8 12 0
Length of path # 12 : 17
4 11 0
4 11 1
5 11 1
5 11 2
5 12 2
5 13 2
6 13 2
7 13 2
8 13 2
8 13 1
9 13 1
10 13 1
10 14 1
11 14 1
12 14 1
13 14 1
14 14 1
14 14 0
Length of path # 13 : 7
10 15 0
10 16 0
11 16 0
12 16 0
13 16 0
14 16 0
15 16 0
15 15 0
Number of paths found: 13 / 50
The total length is: 171
