<<<<<<< HEAD
[(11, 7), (13, 19), (18, 13), (10, 4), (13, 11), (11, 12), (12, 13), (15, 10), (17, 11), (10, 20), (15, 4), (0, 15), (22, 10), (10, 5), (11, 15), (15, 13), (2, 5), (4, 0), (22, 18), (8, 18), (14, 6), (22, 8), (14, 7), (5, 17), (14, 5), (24, 12), (18, 21), (19, 8), (1, 22), (4, 3), (8, 23), (14, 1), (12, 20), (23, 20), (9, 23), (16, 21), (1, 21), (3, 0), (6, 9), (19, 9)]
The lower boundary for this netlist: 341

Length of path # 1 : 3
11 7 0
12 7 0
12 8 0
12 9 0
Length of path # 2 : 3
13 5 0
13 4 0
14 4 0
15 4 0
Length of path # 3 : 3
11 4 0
12 4 0
12 5 0
13 5 0
Length of path # 4 : 4
4 7 0
4 8 0
3 8 0
3 9 0
3 10 0
Length of path # 5 : 4
13 5 0
13 6 0
12 6 0
11 6 0
11 7 0
Length of path # 6 : 7
11 7 0
11 7 1
12 7 1
13 7 1
14 7 1
15 7 1
16 7 1
16 7 0
Length of path # 7 : 5
16 7 0
15 7 0
15 6 0
14 6 0
14 5 0
13 5 0
Length of path # 8 : 5
2 4 0
2 5 0
3 5 0
4 5 0
4 6 0
4 7 0
Length of path # 9 : 5
9 4 0
9 5 0
10 5 0
10 6 0
10 7 0
11 7 0
Length of path # 10 : 9
4 7 0
4 7 1
4 6 1
4 5 1
4 4 1
4 3 1
3 3 1
2 3 1
1 3 1
1 3 0
Length of path # 11 : 9
2 4 0
2 4 1
2 5 1
3 5 1
3 6 1
3 7 1
3 8 1
3 9 1
3 10 1
3 10 0
Length of path # 12 : 14
1 11 0
1 11 1
1 10 1
1 10 2
1 9 2
1 8 2
2 8 2
2 7 2
2 6 2
2 5 2
3 5 2
3 4 2
3 4 1
3 4 0
2 4 0
Length of path # 13 : 12
9 2 0
8 2 0
8 3 0
8 3 1
8 4 1
8 5 1
7 5 1
7 6 1
7 7 1
6 7 1
5 7 1
5 7 0
4 7 0
Length of path # 14 : 19
4 7 0
3 7 0
2 7 0
2 8 0
2 8 1
2 9 1
2 9 2
3 9 2
4 9 2
4 10 2
5 10 2
6 10 2
7 10 2
8 10 2
9 10 2
10 10 2
11 10 2
11 10 1
12 10 1
12 10 0
Length of path # 15 : 22
11 7 0
11 8 0
10 8 0
10 8 1
10 8 2
9 8 2
9 8 3
8 8 3
7 8 3
6 8 3
5 8 3
4 8 3
3 8 3
2 8 3
1 8 3
1 7 3
1 6 3
1 5 3
1 5 2
1 4 2
1 4 1
1 4 0
2 4 0
Length of path # 16 : 18
2 4 0
2 3 0
3 3 0
4 3 0
5 3 0
5 3 1
5 3 2
5 4 2
5 5 2
6 5 2
7 5 2
8 5 2
9 5 2
10 5 2
11 5 2
12 5 2
12 5 1
13 5 1
13 5 0
Length of path # 17 : 3
10 11 0
11 11 0
12 11 0
12 10 0
Length of path # 18 : 3
3 10 0
2 10 0
2 11 0
1 11 0
Length of path # 19 : 4
9 2 0
10 2 0
10 3 0
11 3 0
11 4 0
Length of path # 20 : 9
8 8 0
9 8 0
9 8 1
9 7 1
9 6 1
10 6 1
10 5 1
10 4 1
11 4 1
11 4 0
Length of path # 21 : 11
16 5 0
16 5 1
16 5 2
15 5 2
15 6 2
15 7 2
14 7 2
14 8 2
14 9 2
14 10 2
14 10 1
14 10 0
Length of path # 22 : 13
9 2 0
9 2 1
9 3 1
9 3 2
9 3 3
9 4 3
9 5 3
9 6 3
9 7 3
9 7 2
8 7 2
8 7 1
8 8 1
8 8 0
Length of path # 23 : 12
16 5 0
17 5 0
17 6 0
17 6 1
17 7 1
17 8 1
16 8 1
15 8 1
14 8 1
13 8 1
13 9 1
12 9 1
12 9 0
Length of path # 24 : 15
12 10 0
11 10 0
11 9 0
10 9 0
10 9 1
10 9 2
10 9 3
10 8 3
10 7 3
10 6 3
10 5 3
10 4 3
10 4 2
9 4 2
9 4 1
9 4 0
Length of path # 25 : 13
16 5 0
16 6 0
16 6 1
15 6 1
14 6 1
14 6 2
13 6 2
13 7 2
13 8 2
13 9 2
13 10 2
13 10 1
13 10 0
12 10 0
Length of path # 26 : 20
12 1 0
13 1 0
14 1 0
15 1 0
16 1 0
16 2 0
16 2 1
16 2 2
16 3 2
16 4 2
17 4 2
17 5 2
17 6 2
17 7 2
17 8 2
17 9 2
17 9 1
17 9 0
17 8 0
17 7 0
16 7 0
Length of path # 27 : 19
11 4 0
11 5 0
11 5 1
11 6 1
11 6 2
10 6 2
9 6 2
8 6 2
7 6 2
6 6 2
5 6 2
4 6 2
4 5 2
4 4 2
4 3 2
4 2 2
3 2 2
3 2 1
2 2 1
2 2 0
Length of path # 28 : 21
15 4 0
15 4 1
15 4 2
15 4 3
14 4 3
14 5 3
14 6 3
14 7 3
13 7 3
12 7 3
12 8 3
12 8 4
11 8 4
10 8 4
9 8 4
9 9 4
8 9 4
8 9 3
8 9 2
8 9 1
8 9 0
8 8 0
Length of path # 29 : 14
6 11 0
6 10 0
6 9 0
6 8 0
6 7 0
6 6 0
7 6 0
7 5 0
7 4 0
7 3 0
7 2 0
7 1 0
8 1 0
9 1 0
9 2 0
Length of path # 30 : 17
3 10 0
4 10 0
4 11 0
4 12 0
4 12 1
5 12 1
6 12 1
7 12 1
8 12 1
9 12 1
10 12 1
11 12 1
12 12 1
13 12 1
14 12 1
14 11 1
15 11 1
15 11 0
Length of path # 31 : 20
8 8 0
7 8 0
7 8 1
6 8 1
5 8 1
5 8 2
4 8 2
3 8 2
3 7 2
3 7 3
2 7 3
2 6 3
2 5 3
2 4 3
2 3 3
2 2 3
2 1 3
2 1 2
2 1 1
1 1 1
1 1 0
Length of path # 32 : 22
16 5 0
15 5 0
15 5 1
14 5 1
14 5 2
13 5 2
13 5 3
13 6 3
12 6 3
11 6 3
11 7 3
11 8 3
11 9 3
11 10 3
11 11 3
10 11 3
9 11 3
8 11 3
7 11 3
6 11 3
6 11 2
6 11 1
6 11 0
Length of path # 33 : 33
16 7 0
16 8 0
16 9 0
16 9 1
16 9 2
16 9 3
16 8 3
16 7 3
16 6 3
16 5 3
16 4 3
16 3 3
15 3 3
14 3 3
13 3 3
12 3 3
11 3 3
10 3 3
10 3 4
9 3 4
8 3 4
7 3 4
6 3 4
5 3 4
4 3 4
3 3 4
2 3 4
1 3 4
1 3 3
0 3 3
0 3 2
0 3 1
0 3 0
1 3 0
Length of path # 34 : 2
1 1 0
1 2 0
1 3 0
Length of path # 35 : 16
1 7 0
1 7 1
1 7 2
1 6 2
0 6 2
0 5 2
0 5 3
0 5 4
0 4 4
0 3 4
0 2 4
0 2 3
0 2 2
0 1 2
0 1 1
0 1 0
1 1 0
Length of path # 36 : 6
6 4 0
6 3 0
6 2 0
5 2 0
4 2 0
3 2 0
2 2 0
Length of path # 37 : 23
6 11 0
7 11 0
7 10 0
7 10 1
7 9 1
7 9 2
7 8 2
7 7 2
7 7 3
7 6 3
6 6 3
6 5 3
6 4 3
6 3 3
6 2 3
5 2 3
4 2 3
3 2 3
3 1 3
3 1 2
3 1 1
3 1 0
2 1 0
2 2 0
Length of path # 38 : 20
15 11 0
15 12 0
15 12 1
15 12 2
14 12 2
13 12 2
12 12 2
11 12 2
10 12 2
9 12 2
8 12 2
7 12 2
6 12 2
5 12 2
4 12 2
3 12 2
2 12 2
1 12 2
1 12 1
1 12 0
1 11 0
Length of path # 39 : 28
14 10 0
14 9 0
14 9 1
15 9 1
15 9 2
15 8 2
15 8 3
14 8 3
13 8 3
13 8 4
13 7 4
12 7 4
11 7 4
10 7 4
9 7 4
8 7 4
7 7 4
6 7 4
5 7 4
4 7 4
3 7 4
2 7 4
1 7 4
0 7 4
0 7 3
0 7 2
0 7 1
0 7 0
1 7 0
Length of path # 40 : 29
15 4 0
15 3 0
14 3 0
14 3 1
14 3 2
14 4 2
13 4 2
12 4 2
12 4 3
11 4 3
11 4 4
10 4 4
9 4 4
8 4 4
7 4 4
6 4 4
5 4 4
4 4 4
3 4 4
2 4 4
1 4 4
1 4 3
0 4 3
0 4 2
0 4 1
0 5 1
1 5 1
1 6 1
1 6 0
1 7 0
Number of paths found: 40 / 40
The total length is: 515
=======
[(11, 7), (13, 19), (18, 13), (10, 4), (13, 11), (11, 12), (12, 13), (15, 10), (17, 11), (10, 20), (15, 4), (0, 15), (22, 10), (10, 5), (11, 15), (15, 13), (2, 5), (4, 0), (22, 18), (8, 18), (14, 6), (22, 8), (14, 7), (5, 17), (14, 5), (24, 12), (18, 21), (19, 8), (1, 22), (4, 3), (8, 23), (14, 1), (12, 20), (23, 20), (9, 23), (16, 21), (1, 21), (3, 0), (6, 9), (19, 9)]
The lower boundary for this netlist: 341

Length of path # 1 : 3
11 7 0
12 7 0
12 8 0
12 9 0
Length of path # 2 : 3
13 5 0
13 4 0
14 4 0
15 4 0
Length of path # 3 : 3
11 4 0
12 4 0
12 5 0
13 5 0
Length of path # 4 : 4
4 7 0
4 8 0
3 8 0
3 9 0
3 10 0
Length of path # 5 : 4
13 5 0
13 6 0
12 6 0
11 6 0
11 7 0
Length of path # 6 : 7
11 7 0
11 7 1
12 7 1
13 7 1
14 7 1
15 7 1
16 7 1
16 7 0
Length of path # 7 : 5
16 7 0
15 7 0
15 6 0
14 6 0
14 5 0
13 5 0
Length of path # 8 : 5
2 4 0
2 5 0
3 5 0
4 5 0
4 6 0
4 7 0
Length of path # 9 : 5
9 4 0
9 5 0
10 5 0
10 6 0
10 7 0
11 7 0
Length of path # 10 : 9
4 7 0
4 7 1
4 6 1
4 5 1
4 4 1
4 3 1
3 3 1
2 3 1
1 3 1
1 3 0
Length of path # 11 : 9
2 4 0
2 4 1
2 5 1
3 5 1
3 6 1
3 7 1
3 8 1
3 9 1
3 10 1
3 10 0
Length of path # 12 : 14
1 11 0
1 11 1
1 10 1
1 10 2
1 9 2
1 8 2
2 8 2
2 7 2
2 6 2
2 5 2
3 5 2
3 4 2
3 4 1
3 4 0
2 4 0
Length of path # 13 : 12
9 2 0
8 2 0
8 3 0
8 3 1
8 4 1
8 5 1
7 5 1
7 6 1
7 7 1
6 7 1
5 7 1
5 7 0
4 7 0
Length of path # 14 : 19
4 7 0
3 7 0
2 7 0
2 8 0
2 8 1
2 9 1
2 9 2
3 9 2
4 9 2
4 10 2
5 10 2
6 10 2
7 10 2
8 10 2
9 10 2
10 10 2
11 10 2
11 10 1
12 10 1
12 10 0
Length of path # 15 : 22
11 7 0
11 8 0
10 8 0
10 8 1
10 8 2
9 8 2
9 8 3
8 8 3
7 8 3
6 8 3
5 8 3
4 8 3
3 8 3
2 8 3
1 8 3
1 7 3
1 6 3
1 5 3
1 5 2
1 4 2
1 4 1
1 4 0
2 4 0
Length of path # 16 : 18
2 4 0
2 3 0
3 3 0
4 3 0
5 3 0
5 3 1
5 3 2
5 4 2
5 5 2
6 5 2
7 5 2
8 5 2
9 5 2
10 5 2
11 5 2
12 5 2
12 5 1
13 5 1
13 5 0
Length of path # 17 : 3
10 11 0
11 11 0
12 11 0
12 10 0
Length of path # 18 : 3
3 10 0
2 10 0
2 11 0
1 11 0
Length of path # 19 : 4
9 2 0
10 2 0
10 3 0
11 3 0
11 4 0
Length of path # 20 : 9
8 8 0
9 8 0
9 8 1
9 7 1
9 6 1
10 6 1
10 5 1
10 4 1
11 4 1
11 4 0
Length of path # 21 : 11
16 5 0
16 5 1
16 5 2
15 5 2
15 6 2
15 7 2
14 7 2
14 8 2
14 9 2
14 10 2
14 10 1
14 10 0
Length of path # 22 : 13
9 2 0
9 2 1
9 3 1
9 3 2
9 3 3
9 4 3
9 5 3
9 6 3
9 7 3
9 7 2
8 7 2
8 7 1
8 8 1
8 8 0
Length of path # 23 : 12
16 5 0
17 5 0
17 6 0
17 6 1
17 7 1
17 8 1
16 8 1
15 8 1
14 8 1
13 8 1
13 9 1
12 9 1
12 9 0
Length of path # 24 : 15
12 10 0
11 10 0
11 9 0
10 9 0
10 9 1
10 9 2
10 9 3
10 8 3
10 7 3
10 6 3
10 5 3
10 4 3
10 4 2
9 4 2
9 4 1
9 4 0
Length of path # 25 : 13
16 5 0
16 6 0
16 6 1
15 6 1
14 6 1
14 6 2
13 6 2
13 7 2
13 8 2
13 9 2
13 10 2
13 10 1
13 10 0
12 10 0
Length of path # 26 : 20
12 1 0
13 1 0
14 1 0
15 1 0
16 1 0
16 2 0
16 2 1
16 2 2
16 3 2
16 4 2
17 4 2
17 5 2
17 6 2
17 7 2
17 8 2
17 9 2
17 9 1
17 9 0
17 8 0
17 7 0
16 7 0
Length of path # 27 : 19
11 4 0
11 5 0
11 5 1
11 6 1
11 6 2
10 6 2
9 6 2
8 6 2
7 6 2
6 6 2
5 6 2
4 6 2
4 5 2
4 4 2
4 3 2
4 2 2
3 2 2
3 2 1
2 2 1
2 2 0
Length of path # 28 : 21
15 4 0
15 4 1
15 4 2
15 4 3
14 4 3
14 5 3
14 6 3
14 7 3
13 7 3
12 7 3
12 8 3
12 8 4
11 8 4
10 8 4
9 8 4
9 9 4
8 9 4
8 9 3
8 9 2
8 9 1
8 9 0
8 8 0
Length of path # 29 : 14
6 11 0
6 10 0
6 9 0
6 8 0
6 7 0
6 6 0
7 6 0
7 5 0
7 4 0
7 3 0
7 2 0
7 1 0
8 1 0
9 1 0
9 2 0
Length of path # 30 : 17
3 10 0
4 10 0
4 11 0
4 12 0
4 12 1
5 12 1
6 12 1
7 12 1
8 12 1
9 12 1
10 12 1
11 12 1
12 12 1
13 12 1
14 12 1
14 11 1
15 11 1
15 11 0
Length of path # 31 : 20
8 8 0
7 8 0
7 8 1
6 8 1
5 8 1
5 8 2
4 8 2
3 8 2
3 7 2
3 7 3
2 7 3
2 6 3
2 5 3
2 4 3
2 3 3
2 2 3
2 1 3
2 1 2
2 1 1
1 1 1
1 1 0
Length of path # 32 : 22
16 5 0
15 5 0
15 5 1
14 5 1
14 5 2
13 5 2
13 5 3
13 6 3
12 6 3
11 6 3
11 7 3
11 8 3
11 9 3
11 10 3
11 11 3
10 11 3
9 11 3
8 11 3
7 11 3
6 11 3
6 11 2
6 11 1
6 11 0
Length of path # 33 : 33
16 7 0
16 8 0
16 9 0
16 9 1
16 9 2
16 9 3
16 8 3
16 7 3
16 6 3
16 5 3
16 4 3
16 3 3
15 3 3
14 3 3
13 3 3
12 3 3
11 3 3
10 3 3
10 3 4
9 3 4
8 3 4
7 3 4
6 3 4
5 3 4
4 3 4
3 3 4
2 3 4
1 3 4
1 3 3
0 3 3
0 3 2
0 3 1
0 3 0
1 3 0
Length of path # 34 : 2
1 1 0
1 2 0
1 3 0
Length of path # 35 : 16
1 7 0
1 7 1
1 7 2
1 6 2
0 6 2
0 5 2
0 5 3
0 5 4
0 4 4
0 3 4
0 2 4
0 2 3
0 2 2
0 1 2
0 1 1
0 1 0
1 1 0
Length of path # 36 : 6
6 4 0
6 3 0
6 2 0
5 2 0
4 2 0
3 2 0
2 2 0
Length of path # 37 : 23
6 11 0
7 11 0
7 10 0
7 10 1
7 9 1
7 9 2
7 8 2
7 7 2
7 7 3
7 6 3
6 6 3
6 5 3
6 4 3
6 3 3
6 2 3
5 2 3
4 2 3
3 2 3
3 1 3
3 1 2
3 1 1
3 1 0
2 1 0
2 2 0
Length of path # 38 : 20
15 11 0
15 12 0
15 12 1
15 12 2
14 12 2
13 12 2
12 12 2
11 12 2
10 12 2
9 12 2
8 12 2
7 12 2
6 12 2
5 12 2
4 12 2
3 12 2
2 12 2
1 12 2
1 12 1
1 12 0
1 11 0
Length of path # 39 : 28
14 10 0
14 9 0
14 9 1
15 9 1
15 9 2
15 8 2
15 8 3
14 8 3
13 8 3
13 8 4
13 7 4
12 7 4
11 7 4
10 7 4
9 7 4
8 7 4
7 7 4
6 7 4
5 7 4
4 7 4
3 7 4
2 7 4
1 7 4
0 7 4
0 7 3
0 7 2
0 7 1
0 7 0
1 7 0
Length of path # 40 : 29
15 4 0
15 3 0
14 3 0
14 3 1
14 3 2
14 4 2
13 4 2
12 4 2
12 4 3
11 4 3
11 4 4
10 4 4
9 4 4
8 4 4
7 4 4
6 4 4
5 4 4
4 4 4
3 4 4
2 4 4
1 4 4
1 4 3
0 4 3
0 4 2
0 4 1
0 5 1
1 5 1
1 6 1
1 6 0
1 7 0
Number of paths found: 40 / 40
The total length is: 515
>>>>>>> origin/master
