[(4, 1), (2, 3), (4, 9), (8, 1), (8, 10), (10, 1), (4, 8), (10, 0), (8, 9), (13, 2), (1, 13), (10, 3), (13, 4), (0, 13), (3, 9), (8, 7), (11, 3), (18, 2), (18, 10), (1, 15), (2, 16), (17, 9), (11, 0), (12, 9), (13, 19), (2, 6), (11, 17), (3, 19), (17, 15), (24, 16), (12, 24), (6, 4), (16, 7), (24, 15), (0, 22), (0, 14), (7, 5), (12, 14), (15, 21), (22, 18), (20, 16), (5, 12), (22, 11), (17, 21), (18, 20), (5, 14), (24, 23), (19, 21), (7, 23), (20, 6)]
The lower boundary for this netlist: 475

Length of path # 1 : 4
3 10 0
4 10 0
5 10 0
6 10 0
6 11 0
Length of path # 2 : 7
10 11 0
11 11 0
11 12 0
12 12 0
13 12 0
14 12 0
15 12 0
15 11 0
Length of path # 3 : 5
3 10 0
3 9 0
2 9 0
1 9 0
1 8 0
1 7 0
Length of path # 4 : 5
8 8 0
8 9 0
8 10 0
8 11 0
7 11 0
6 11 0
Length of path # 5 : 5
8 8 0
7 8 0
6 8 0
5 8 0
5 7 0
4 7 0
Length of path # 6 : 8
4 7 0
4 8 0
4 9 0
5 9 0
6 9 0
6 9 1
6 10 1
6 11 1
6 11 0
Length of path # 7 : 9
3 10 0
3 10 1
4 10 1
5 10 1
5 9 1
5 8 1
6 8 1
7 8 1
8 8 1
8 8 0
Length of path # 8 : 9
4 7 0
4 7 1
4 8 1
4 9 1
3 9 1
2 9 1
1 9 1
1 10 1
1 11 1
1 11 0
Length of path # 9 : 12
8 8 0
8 7 0
7 7 0
6 7 0
6 7 1
5 7 1
5 7 2
4 7 2
3 7 2
2 7 2
1 7 2
1 7 1
1 7 0
Length of path # 10 : 13
13 5 0
13 6 0
13 7 0
13 7 1
12 7 1
12 7 2
11 7 2
11 8 2
10 8 2
10 9 2
10 10 2
10 11 2
10 11 1
10 11 0
Length of path # 11 : 19
6 11 0
5 11 0
5 11 1
5 11 2
5 10 2
5 9 2
5 8 2
6 8 2
6 7 2
6 6 2
7 6 2
8 6 2
9 6 2
10 6 2
11 6 2
12 6 2
12 5 2
13 5 2
13 5 1
13 5 0
Length of path # 12 : 23
4 7 0
4 6 0
5 6 0
6 6 0
7 6 0
7 6 1
7 7 1
7 7 2
7 8 2
7 9 2
7 10 2
8 10 2
9 10 2
9 10 3
10 10 3
11 10 3
11 11 3
12 11 3
13 11 3
14 11 3
15 11 3
15 11 2
15 11 1
15 11 0
Length of path # 13 : 23
13 5 0
12 5 0
12 5 1
11 5 1
11 5 2
11 5 3
11 6 3
10 6 3
10 7 3
10 8 3
9 8 3
9 9 3
8 9 3
7 9 3
6 9 3
5 9 3
4 9 3
3 9 3
3 10 3
3 10 2
3 11 2
3 11 1
3 11 0
3 10 0
Length of path # 14 : 26
1 11 0
2 11 0
2 11 1
2 10 1
2 10 2
2 9 2
2 8 2
3 8 2
3 8 3
3 7 3
3 6 3
4 6 3
5 6 3
6 6 3
7 6 3
8 6 3
9 6 3
9 5 3
10 5 3
10 4 3
11 4 3
12 4 3
12 4 2
13 4 2
13 4 1
13 4 0
13 5 0
Length of path # 15 : 30
15 11 0
16 11 0
16 11 1
16 11 2
16 11 3
16 11 4
15 11 4
14 11 4
13 11 4
12 11 4
11 11 4
10 11 4
9 11 4
8 11 4
8 10 4
7 10 4
6 10 4
5 10 4
4 10 4
3 10 4
2 10 4
1 10 4
1 9 4
1 8 4
1 8 3
1 7 3
0 7 3
0 7 2
0 7 1
0 7 0
1 7 0
Length of path # 16 : 5
8 8 0
9 8 0
9 9 0
10 9 0
11 9 0
12 9 0
Length of path # 17 : 10
11 7 0
11 8 0
11 8 1
12 8 1
13 8 1
14 8 1
15 8 1
15 9 1
15 10 1
15 10 0
15 11 0
Length of path # 18 : 10
11 4 0
11 5 0
10 5 0
10 6 0
10 6 1
10 7 1
10 8 1
10 9 1
10 10 1
10 10 0
10 11 0
Length of path # 19 : 16
11 4 0
11 4 1
10 4 1
10 4 2
9 4 2
8 4 2
7 4 2
6 4 2
5 4 2
4 4 2
4 5 2
4 5 1
4 6 1
3 6 1
3 7 1
3 7 0
4 7 0
Length of path # 20 : 19
6 11 0
6 12 0
5 12 0
4 12 0
3 12 0
2 12 0
2 12 1
2 12 2
2 11 2
2 11 3
2 10 3
2 9 3
2 8 3
2 7 3
2 6 3
2 5 3
2 4 3
2 4 2
2 4 1
2 4 0
Length of path # 21 : 13
10 11 0
9 11 0
9 10 0
9 10 1
9 9 1
9 8 1
9 7 1
9 6 1
8 6 1
8 5 1
7 5 1
6 5 1
6 4 1
6 4 0
Length of path # 22 : 15
9 4 0
9 5 0
9 5 1
9 5 2
8 5 2
7 5 2
6 5 2
5 5 2
5 6 2
4 6 2
3 6 2
2 6 2
1 6 2
1 6 1
1 6 0
1 7 0
Length of path # 23 : 30
11 7 0
11 7 1
11 6 1
12 6 1
13 6 1
13 6 2
13 6 3
12 6 3
12 6 4
11 6 4
10 6 4
10 7 4
9 7 4
8 7 4
7 7 4
6 7 4
5 7 4
4 7 4
3 7 4
2 7 4
1 7 4
0 7 4
0 8 4
0 8 3
0 8 2
0 9 2
0 10 2
0 11 2
0 11 1
0 11 0
1 11 0
Length of path # 24 : 29
16 7 0
15 7 0
14 7 0
14 7 1
14 7 2
13 7 2
13 7 3
12 7 3
11 7 3
11 7 4
11 7 5
10 7 5
9 7 5
9 6 5
9 6 4
8 6 4
7 6 4
6 6 4
5 6 4
4 6 4
3 6 4
3 5 4
3 5 3
3 5 2
2 5 2
2 5 1
2 6 1
2 7 1
2 7 0
1 7 0
Length of path # 25 : 3
13 5 0
14 5 0
14 4 0
15 4 0
Length of path # 26 : 9
10 11 0
10 12 0
10 12 1
11 12 1
12 12 1
13 12 1
14 12 1
14 11 1
14 10 1
14 10 0
Length of path # 27 : 7
11 7 0
10 7 0
9 7 0
9 6 0
8 6 0
8 5 0
8 4 0
9 4 0
Length of path # 28 : 15
15 11 0
14 11 0
13 11 0
13 11 1
13 11 2
14 11 2
14 10 2
14 9 2
15 9 2
15 8 2
15 7 2
15 6 2
15 5 2
15 4 2
15 4 1
15 4 0
Length of path # 29 : 11
9 4 0
9 4 1
8 4 1
7 4 1
7 3 1
6 3 1
5 3 1
4 3 1
4 4 1
3 4 1
3 4 0
2 4 0
Length of path # 30 : 11
12 1 0
11 1 0
10 1 0
10 0 0
9 0 0
8 0 0
7 0 0
6 0 0
6 1 0
6 2 0
6 3 0
6 4 0
Length of path # 31 : 16
16 7 0
16 7 1
16 7 2
16 7 3
15 7 3
14 7 3
14 6 3
14 5 3
14 4 3
13 4 3
13 3 3
12 3 3
12 2 3
12 1 3
12 1 2
12 1 1
12 1 0
Length of path # 32 : 33
14 10 0
14 9 0
14 9 1
13 9 1
13 9 2
12 9 2
11 9 2
11 10 2
11 11 2
11 12 2
10 12 2
9 12 2
8 12 2
7 12 2
6 12 2
5 12 2
4 12 2
3 12 2
3 12 3
2 12 3
1 12 3
1 11 3
1 10 3
1 10 2
1 9 2
1 8 2
1 8 1
0 8 1
0 9 1
0 10 1
0 10 0
1 10 0
2 10 0
3 10 0
Length of path # 33 : 25
6 4 0
7 4 0
7 3 0
8 3 0
8 3 1
8 3 2
8 3 3
8 4 3
8 5 3
8 5 4
8 5 5
8 6 5
8 7 5
8 8 5
8 9 5
8 9 4
9 9 4
10 9 4
11 9 4
12 9 4
12 9 3
12 10 3
12 10 2
12 10 1
12 9 1
12 9 0
Length of path # 34 : 19
12 1 0
12 0 0
11 0 0
11 0 1
10 0 1
9 0 1
8 0 1
7 0 1
7 1 1
6 1 1
5 1 1
5 2 1
4 2 1
4 2 0
4 3 0
4 4 0
4 5 0
3 5 0
2 5 0
2 4 0
Length of path # 35 : 31
1 11 0
1 12 0
1 12 1
1 12 2
0 12 2
0 12 3
0 11 3
0 11 4
1 11 4
2 11 4
3 11 4
3 11 5
3 10 5
4 10 5
4 9 5
4 8 5
4 7 5
4 6 5
4 5 5
4 5 4
4 5 3
5 5 3
6 5 3
7 5 3
7 4 3
7 3 3
7 2 3
8 2 3
9 2 3
9 2 2
9 2 1
9 2 0
Number of paths found: 35 / 50
The total length is: 525
