[(3, 15), (3, 5), (15, 5), (5, 7), (7, 13), (3, 4), (3, 23), (22, 13), (19, 5), (10, 7), (15, 8), (7, 9), (3, 0), (9, 13), (15, 21), (10, 4), (15, 17), (20, 10), (23, 4), (20, 19), (13, 18), (22, 16), (22, 11), (16, 9), (19, 2), (23, 8), (2, 20), (1, 0), (11, 24), (6, 14)]
The lower boundary for this netlist: 291

Length of path # 1 : 22
15 11 0
15 11 1
15 10 1
15 9 1
15 8 1
14 8 1
14 7 1
13 7 1
13 6 1
12 6 1
11 6 1
10 6 1
9 6 1
8 6 1
7 6 1
6 6 1
5 6 1
5 5 1
4 5 1
3 5 1
2 5 1
2 4 1
2 4 0
Length of path # 2 : 4
15 11 0
14 11 0
13 11 0
12 11 0
12 10 0
Length of path # 3 : 18
2 4 0
3 4 0
4 4 0
4 5 0
5 5 0
5 6 0
6 6 0
7 6 0
8 6 0
9 6 0
9 7 0
9 7 1
10 7 1
10 8 1
10 9 1
11 9 1
11 10 1
12 10 1
12 10 0
Length of path # 4 : 1
12 10 0
12 9 0
Length of path # 5 : 5
12 9 0
13 9 0
13 8 0
13 7 0
13 6 0
13 5 0
Length of path # 6 : 17
15 11 0
15 12 0
14 12 0
13 12 0
12 12 0
11 12 0
11 12 1
10 12 1
9 12 1
8 12 1
7 12 1
6 12 1
5 12 1
4 12 1
3 12 1
3 11 1
3 10 1
3 10 0
Length of path # 7 : 30
15 11 0
16 11 0
16 10 0
16 10 1
16 10 2
15 10 2
15 9 2
15 8 2
14 8 2
13 8 2
13 7 2
13 6 2
12 6 2
11 6 2
10 6 2
9 6 2
8 6 2
8 5 2
7 5 2
6 5 2
5 5 2
4 5 2
3 5 2
2 5 2
1 5 2
1 4 2
1 3 2
1 2 2
1 2 1
1 1 1
1 1 0
Length of path # 8 : 9
9 2 0
10 2 0
11 2 0
11 2 1
12 2 1
13 2 1
13 3 1
13 4 1
13 5 1
13 5 0
Length of path # 9 : 15
15 4 0
15 4 1
15 5 1
15 6 1
14 6 1
14 6 2
14 7 2
14 7 3
14 8 3
13 8 3
13 9 3
13 10 3
13 10 2
13 10 1
13 10 0
12 10 0
Length of path # 10 : 12
4 7 0
5 7 0
5 8 0
5 9 0
6 9 0
7 9 0
7 9 1
8 9 1
9 9 1
9 9 0
10 9 0
11 9 0
12 9 0
Length of path # 11 : 12
2 4 0
2 5 0
2 6 0
2 6 1
2 7 1
2 8 1
3 8 1
4 8 1
5 8 1
6 8 1
7 8 1
8 8 1
8 8 0
Length of path # 12 : 17
12 9 0
12 9 1
12 9 2
11 9 2
10 9 2
9 9 2
8 9 2
7 9 2
7 8 2
6 8 2
5 8 2
4 8 2
3 8 2
2 8 2
1 8 2
1 8 1
1 7 1
1 7 0
Length of path # 13 : 22
15 11 0
15 10 0
15 9 0
14 9 0
14 9 1
14 9 2
14 10 2
14 11 2
13 11 2
12 11 2
11 11 2
10 11 2
9 11 2
8 11 2
7 11 2
6 11 2
5 11 2
4 11 2
3 11 2
2 11 2
1 11 2
1 11 1
1 11 0
Length of path # 14 : 20
1 7 0
1 6 0
1 6 1
1 6 2
1 6 3
1 5 3
2 5 3
3 5 3
4 5 3
5 5 3
6 5 3
7 5 3
8 5 3
9 5 3
10 5 3
11 5 3
12 5 3
12 5 2
12 5 1
12 5 0
13 5 0
Length of path # 15 : 2
2 4 0
2 3 0
2 2 0
Length of path # 16 : 4
4 7 0
4 8 0
4 9 0
3 9 0
3 10 0
Length of path # 17 : 13
2 4 0
1 4 0
1 4 1
1 3 1
2 3 1
3 3 1
4 3 1
5 3 1
6 3 1
7 3 1
8 3 1
9 3 1
9 4 1
9 4 0
Length of path # 18 : 13
1 3 0
0 3 0
0 4 0
0 5 0
0 6 0
0 6 1
0 7 1
0 7 2
1 7 2
2 7 2
3 7 2
4 7 2
4 7 1
4 7 0
Length of path # 19 : 19
1 1 0
0 1 0
0 2 0
0 2 1
0 3 1
0 4 1
0 5 1
0 5 2
0 6 2
0 6 3
0 7 3
0 8 3
0 8 2
0 8 1
0 9 1
1 9 1
2 9 1
2 9 0
2 10 0
3 10 0
Number of paths found: 19 / 30
The total length is: 255
