[(4, 8), (33, 4), (12, 24), (0, 12), (24, 8), (4, 40), (25, 24), (8, 27), (19, 33), (33, 36), (31, 4), (4, 15), (12, 25), (0, 16), (3, 33), (44, 34), (0, 10), (44, 29), (44, 42), (26, 8), (28, 40), (43, 44), (12, 32), (18, 27), (24, 23), (1, 3), (16, 1), (34, 5), (19, 30), (10, 19), (36, 29), (47, 5), (0, 21), (40, 10), (9, 5), (18, 11), (22, 30), (48, 47), (20, 29), (17, 3), (34, 21), (26, 1), (25, 49), (30, 9), (20, 47), (27, 22), (28, 45), (45, 18), (36, 37), (23, 43), (38, 16), (32, 11), (7, 28), (15, 42), (31, 41), (41, 13), (13, 49), (39, 48), (2, 17), (35, 6)]
The lower boundary for this netlist: 578

Length of path # 1 : 4
3 14 0
4 14 0
5 14 0
5 13 0
6 13 0
Length of path # 2 : 18
9 6 0
8 6 0
7 6 0
7 6 1
7 6 2
6 6 2
5 6 2
4 6 2
4 7 2
4 8 2
3 8 2
3 9 2
3 10 2
3 11 2
3 12 2
3 13 2
3 14 2
3 14 1
3 14 0
Length of path # 3 : 12
8 12 0
8 12 1
9 12 1
9 12 2
10 12 2
11 12 2
12 12 2
13 12 2
13 11 2
13 10 2
13 9 2
13 9 1
13 9 0
Length of path # 4 : 14
1 15 0
1 15 1
2 15 1
2 15 2
3 15 2
4 15 2
5 15 2
5 14 2
6 14 2
7 14 2
8 14 2
8 14 1
8 13 1
8 13 0
8 12 0
Length of path # 5 : 19
13 9 0
14 9 0
14 9 1
14 9 2
14 10 2
14 11 2
14 12 2
14 12 3
13 12 3
12 12 3
11 12 3
11 13 3
10 13 3
9 13 3
8 13 3
7 13 3
7 13 2
6 13 2
6 13 1
6 13 0
Length of path # 6 : 21
3 14 0
3 13 0
4 13 0
4 13 1
4 13 2
5 13 2
5 12 2
6 12 2
6 11 2
7 11 2
8 11 2
8 10 2
8 9 2
8 8 2
8 7 2
8 6 2
8 5 2
9 5 2
9 4 2
9 3 2
9 3 1
9 3 0
Length of path # 7 : 11
16 9 0
16 9 1
16 8 1
16 7 1
16 7 2
15 7 2
14 7 2
13 7 2
13 7 1
13 7 0
13 8 0
13 9 0
Length of path # 8 : 8
6 13 0
6 12 0
6 11 0
6 11 1
6 10 1
7 10 1
7 9 1
7 8 1
7 8 0
Length of path # 9 : 8
7 10 0
8 10 0
8 9 0
8 9 1
8 8 1
8 7 1
9 7 1
9 6 1
9 6 0
Length of path # 10 : 9
9 6 0
9 5 0
8 5 0
8 5 1
7 5 1
6 5 1
5 5 1
4 5 1
4 4 1
4 4 0
Length of path # 11 : 15
1 7 0
1 8 0
1 9 0
0 9 0
0 9 1
0 10 1
0 10 2
0 11 2
0 12 2
0 13 2
0 14 2
1 14 2
2 14 2
2 14 1
2 14 0
3 14 0
Length of path # 12 : 18
3 14 0
3 15 0
4 15 0
4 15 1
4 16 1
5 16 1
5 16 2
6 16 2
7 16 2
8 16 2
9 16 2
9 15 2
9 14 2
9 13 2
10 13 2
10 13 1
10 12 1
10 11 1
10 11 0
Length of path # 13 : 21
8 12 0
7 12 0
7 12 1
7 12 2
7 12 3
8 12 3
9 12 3
10 12 3
10 11 3
11 11 3
12 11 3
13 11 3
14 11 3
14 10 3
14 9 3
15 9 3
16 9 3
17 9 3
17 9 2
17 9 1
17 9 0
16 9 0
Length of path # 14 : 24
1 15 0
0 15 0
0 15 1
0 15 2
0 15 3
0 14 3
1 14 3
2 14 3
2 13 3
3 13 3
4 13 3
4 12 3
5 12 3
5 11 3
6 11 3
7 11 3
8 11 3
9 11 3
9 10 3
10 10 3
11 10 3
11 10 2
11 11 2
11 11 1
11 11 0
Length of path # 15 : 23
15 15 0
15 15 1
15 14 1
15 14 2
15 14 3
15 13 3
15 12 3
15 11 3
15 11 4
14 11 4
14 10 4
13 10 4
13 9 4
13 8 4
12 8 4
12 7 4
12 6 4
11 6 4
11 6 3
11 6 2
11 6 1
11 6 0
10 6 0
9 6 0
Length of path # 16 : 21
1 1 0
1 2 0
2 2 0
2 2 1
2 2 2
2 3 2
3 3 2
4 3 2
5 3 2
5 4 2
5 5 2
6 5 2
7 5 2
7 5 3
8 5 3
9 5 3
10 5 3
11 5 3
12 5 3
12 5 2
12 5 1
12 5 0
Length of path # 17 : 24
1 15 0
1 16 0
2 16 0
2 16 1
2 16 2
2 16 3
2 15 3
3 15 3
4 15 3
4 14 3
5 14 3
6 14 3
7 14 3
8 14 3
9 14 3
10 14 3
11 14 3
12 14 3
13 14 3
13 13 3
14 13 3
14 13 2
15 13 2
15 13 1
15 13 0
Length of path # 18 : 23
1 1 0
2 1 0
2 1 1
2 1 2
2 1 3
2 2 3
2 3 3
3 3 3
4 3 3
5 3 3
6 3 3
6 4 3
6 5 3
6 6 3
7 6 3
8 6 3
8 7 3
9 7 3
10 7 3
10 8 3
11 8 3
11 8 2
11 8 1
11 8 0
Length of path # 19 : 6
1 1 0
1 0 0
2 0 0
3 0 0
3 1 0
3 2 0
4 2 0
Length of path # 20 : 11
6 8 0
5 8 0
5 8 1
5 9 1
5 10 1
5 11 1
5 12 1
5 13 1
5 14 1
6 14 1
6 14 0
6 13 0
Length of path # 21 : 15
9 8 0
9 8 1
9 8 2
9 8 3
9 8 4
9 7 4
9 6 4
9 5 4
9 4 4
9 3 4
9 3 3
9 2 3
9 2 2
9 2 1
9 2 0
9 3 0
Length of path # 22 : 12
6 2 0
6 2 1
5 2 1
5 2 2
5 1 2
4 1 2
3 1 2
3 0 2
2 0 2
2 0 1
1 0 1
1 1 1
1 1 0
Length of path # 23 : 15
8 12 0
8 11 0
8 11 1
9 11 1
9 11 2
9 10 2
9 9 2
9 9 3
8 9 3
8 8 3
7 8 3
7 7 3
7 7 2
6 7 2
6 7 1
6 7 0
Length of path # 24 : 23
2 10 0
2 10 1
2 10 2
2 10 3
3 10 3
4 10 3
5 10 3
6 10 3
6 9 3
7 9 3
7 9 4
8 9 4
9 9 4
10 9 4
10 9 3
10 9 2
10 8 2
10 7 2
10 7 1
10 7 0
9 7 0
8 7 0
8 8 0
7 8 0
Length of path # 25 : 19
13 9 0
12 9 0
12 9 1
12 9 2
11 9 2
11 9 3
11 9 4
11 9 5
10 9 5
9 9 5
8 9 5
7 9 5
6 9 5
6 9 4
5 9 4
5 9 3
5 9 2
6 9 2
6 9 1
6 9 0
Length of path # 26 : 17
6 15 0
7 15 0
8 15 0
8 15 1
8 15 2
8 15 3
9 15 3
10 15 3
11 15 3
12 15 3
13 15 3
14 15 3
15 15 3
16 15 3
16 15 2
16 15 1
16 15 0
15 15 0
Length of path # 27 : 17
11 11 0
11 12 0
11 12 1
11 13 1
11 13 2
11 14 2
11 15 2
11 16 2
10 16 2
10 16 3
9 16 3
8 16 3
7 16 3
6 16 3
6 15 3
6 15 2
6 15 1
6 15 0
Length of path # 28 : 17
12 5 0
12 6 0
12 7 0
12 7 1
12 7 2
12 8 2
12 8 3
12 9 3
12 10 3
12 10 4
12 11 4
12 12 4
12 13 4
12 13 3
12 13 2
12 14 2
12 14 1
12 14 0
Length of path # 29 : 26
7 10 0
6 10 0
5 10 0
5 9 0
4 9 0
4 9 1
4 9 2
4 9 3
4 8 3
5 8 3
6 8 3
6 8 4
7 8 4
8 8 4
8 8 5
9 8 5
10 8 5
11 8 5
12 8 5
13 8 5
14 8 5
15 8 5
15 8 4
15 8 3
15 8 2
15 8 1
15 8 0
Number of paths found: 29 / 60
The total length is: 471
