[(4, 8), (33, 4), (12, 24), (0, 12), (24, 8), (4, 40), (25, 24), (8, 27), (19, 33), (33, 36), (31, 4), (4, 15), (12, 25), (0, 16), (3, 33), (44, 34), (0, 10), (44, 29), (44, 42), (26, 8), (28, 40), (43, 44), (12, 32), (18, 27), (24, 23), (1, 3), (16, 1), (34, 5), (19, 30), (10, 19), (36, 29), (47, 5), (0, 21), (40, 10), (9, 5), (18, 11), (22, 30), (48, 47), (20, 29), (17, 3), (34, 21), (26, 1), (25, 49), (30, 9), (20, 47), (27, 22), (28, 45), (45, 18), (36, 37), (23, 43), (38, 16), (32, 11), (7, 28), (15, 42), (31, 41), (41, 13), (13, 49), (39, 48), (2, 17), (35, 6)]
The lower boundary for this netlist: 578

Length of path # 1 : 4
3 14 0
4 14 0
5 14 0
5 13 0
6 13 0
Length of path # 2 : 18
9 6 0
8 6 0
7 6 0
7 6 1
7 6 2
6 6 2
5 6 2
4 6 2
4 7 2
4 8 2
3 8 2
3 9 2
3 10 2
3 11 2
3 12 2
3 13 2
3 14 2
3 14 1
3 14 0
Length of path # 3 : 12
8 12 0
8 12 1
9 12 1
9 12 2
10 12 2
11 12 2
12 12 2
13 12 2
13 11 2
13 10 2
13 9 2
13 9 1
13 9 0
Length of path # 4 : 14
1 15 0
1 15 1
2 15 1
2 15 2
3 15 2
4 15 2
5 15 2
5 14 2
6 14 2
7 14 2
8 14 2
8 14 1
8 14 0
8 13 0
8 12 0
Length of path # 5 : 19
13 9 0
14 9 0
14 9 1
14 9 2
14 10 2
14 11 2
14 11 3
13 11 3
12 11 3
12 12 3
11 12 3
11 13 3
10 13 3
9 13 3
8 13 3
7 13 3
6 13 3
6 13 2
6 13 1
6 13 0
Length of path # 6 : 21
3 14 0
3 13 0
4 13 0
4 13 1
4 13 2
5 13 2
5 12 2
6 12 2
6 11 2
7 11 2
8 11 2
8 10 2
8 9 2
8 8 2
8 7 2
8 6 2
8 5 2
9 5 2
9 4 2
9 3 2
9 3 1
9 3 0
Length of path # 7 : 11
16 9 0
16 9 1
16 8 1
16 8 2
16 7 2
15 7 2
14 7 2
13 7 2
13 8 2
13 8 1
13 8 0
13 9 0
Length of path # 8 : 12
6 13 0
7 13 0
7 13 1
7 13 2
7 12 2
7 12 3
7 11 3
7 10 3
7 9 3
7 8 3
7 8 2
7 8 1
7 8 0
Length of path # 9 : 8
7 10 0
7 10 1
8 10 1
8 9 1
8 8 1
8 7 1
9 7 1
9 6 1
9 6 0
Length of path # 10 : 9
9 6 0
9 5 0
8 5 0
8 5 1
7 5 1
6 5 1
5 5 1
4 5 1
4 4 1
4 4 0
Length of path # 11 : 15
1 7 0
1 8 0
1 9 0
0 9 0
0 9 1
0 10 1
0 10 2
0 11 2
0 12 2
0 13 2
0 14 2
1 14 2
2 14 2
2 14 1
2 14 0
3 14 0
Length of path # 12 : 18
3 14 0
3 15 0
4 15 0
4 16 0
4 16 1
5 16 1
5 16 2
6 16 2
7 16 2
8 16 2
9 16 2
9 15 2
9 14 2
9 13 2
10 13 2
10 13 1
10 12 1
10 11 1
10 11 0
Length of path # 13 : 19
8 12 0
8 11 0
8 11 1
9 11 1
9 11 2
9 11 3
10 11 3
11 11 3
11 10 3
12 10 3
13 10 3
14 10 3
14 9 3
15 9 3
16 9 3
17 9 3
17 9 2
17 9 1
17 9 0
16 9 0
Length of path # 14 : 22
1 15 0
1 16 0
2 16 0
2 16 1
3 16 1
3 16 2
4 16 2
4 16 3
5 16 3
6 16 3
7 16 3
8 16 3
9 16 3
9 15 3
9 14 3
10 14 3
11 14 3
11 14 2
11 13 2
11 13 1
11 12 1
11 12 0
11 11 0
Length of path # 15 : 23
15 15 0
15 15 1
15 14 1
15 14 2
15 14 3
15 13 3
14 13 3
14 12 3
13 12 3
13 12 4
12 12 4
12 11 4
12 10 4
12 9 4
12 8 4
12 7 4
11 7 4
11 7 3
10 7 3
10 7 2
10 7 1
10 7 0
10 6 0
9 6 0
Length of path # 16 : 21
1 1 0
2 1 0
3 1 0
3 1 1
3 1 2
4 1 2
5 1 2
5 1 3
6 1 3
7 1 3
7 2 3
8 2 3
9 2 3
10 2 3
10 3 3
11 3 3
12 3 3
12 4 3
12 4 2
12 5 2
12 5 1
12 5 0
Length of path # 17 : 26
1 15 0
0 15 0
0 15 1
0 15 2
0 15 3
0 14 3
1 14 3
2 14 3
2 13 3
3 13 3
4 13 3
5 13 3
5 13 4
6 13 4
7 13 4
8 13 4
9 13 4
10 13 4
11 13 4
12 13 4
13 13 4
13 13 3
13 13 2
14 13 2
15 13 2
15 13 1
15 13 0
Length of path # 18 : 23
1 1 0
1 2 0
1 3 0
1 3 1
1 3 2
2 3 2
3 3 2
3 4 2
3 5 2
3 6 2
3 7 2
3 7 3
4 7 3
5 7 3
6 7 3
7 7 3
8 7 3
9 7 3
9 8 3
10 8 3
10 8 2
11 8 2
11 8 1
11 8 0
Length of path # 19 : 6
1 1 0
1 1 1
2 1 1
2 2 1
3 2 1
3 2 0
4 2 0
Length of path # 20 : 7
6 8 0
6 8 1
6 9 1
6 10 1
6 11 1
6 12 1
6 12 0
6 13 0
Length of path # 21 : 13
9 8 0
9 8 1
9 8 2
9 7 2
9 6 2
9 6 3
9 5 3
9 4 3
9 3 3
8 3 3
8 3 2
8 3 1
8 3 0
9 3 0
Length of path # 22 : 10
6 2 0
6 2 1
5 2 1
5 1 1
5 0 1
4 0 1
3 0 1
2 0 1
1 0 1
1 0 0
1 1 0
Length of path # 23 : 21
8 12 0
9 12 0
9 13 0
9 13 1
8 13 1
8 13 2
8 12 2
8 12 3
8 11 3
8 10 3
8 9 3
8 8 3
8 8 4
7 8 4
6 8 4
6 8 3
5 8 3
5 8 2
5 7 2
5 7 1
5 7 0
6 7 0
Length of path # 24 : 11
2 10 0
2 9 0
3 9 0
3 9 1
4 9 1
4 9 2
5 9 2
6 9 2
7 9 2
7 9 1
7 9 0
7 8 0
Length of path # 25 : 19
13 9 0
12 9 0
12 9 1
12 9 2
11 9 2
10 9 2
9 9 2
9 9 3
9 9 4
8 9 4
7 9 4
6 9 4
6 9 3
6 10 3
6 10 2
5 10 2
5 10 1
5 10 0
5 9 0
6 9 0
Length of path # 26 : 13
6 15 0
7 15 0
8 15 0
8 16 0
8 16 1
9 16 1
10 16 1
11 16 1
12 16 1
13 16 1
14 16 1
15 16 1
15 16 0
15 15 0
Length of path # 27 : 21
11 11 0
11 11 1
11 11 2
11 10 2
10 10 2
9 10 2
9 10 3
9 10 4
9 11 4
9 12 4
9 12 5
9 13 5
8 13 5
8 14 5
8 14 4
8 14 3
7 14 3
6 14 3
6 15 3
6 15 2
6 15 1
6 15 0
Length of path # 28 : 19
12 5 0
12 6 0
12 6 1
12 6 2
12 6 3
12 6 4
12 6 5
12 7 5
12 8 5
12 9 5
12 10 5
12 11 5
12 12 5
12 13 5
12 14 5
12 14 4
12 14 3
12 14 2
12 14 1
12 14 0
Length of path # 29 : 26
7 10 0
7 11 0
6 11 0
5 11 0
5 11 1
5 11 2
5 11 3
5 10 3
5 9 3
5 9 4
5 8 4
5 8 5
6 8 5
7 8 5
8 8 5
9 8 5
10 8 5
11 8 5
11 8 4
11 8 3
12 8 3
13 8 3
14 8 3
15 8 3
15 8 2
15 8 1
15 8 0
Length of path # 30 : 13
15 13 0
15 12 0
14 12 0
14 12 1
13 12 1
13 11 1
12 11 1
12 10 1
11 10 1
10 10 1
9 10 1
9 10 0
8 10 0
7 10 0
Length of path # 31 : 19
4 4 0
5 4 0
5 4 1
5 4 2
6 4 2
6 4 3
7 4 3
8 4 3
8 4 4
9 4 4
10 4 4
11 4 4
11 5 4
11 5 3
11 6 3
11 6 2
11 6 1
11 7 1
11 7 0
11 8 0
Length of path # 32 : 28
11 1 0
11 2 0
11 2 1
11 2 2
11 2 3
11 2 4
11 3 4
12 3 4
12 4 4
12 5 4
13 5 4
13 6 4
13 7 4
13 8 4
13 9 4
13 10 4
13 11 4
14 11 4
14 12 4
14 13 4
14 14 4
13 14 4
13 15 4
12 15 4
12 15 3
12 15 2
12 15 1
12 15 0
12 14 0
Length of path # 33 : 34
1 15 0
1 14 0
1 14 1
1 13 1
1 13 2
1 13 3
1 13 4
2 13 4
3 13 4
4 13 4
4 13 5
5 13 5
6 13 5
7 13 5
7 13 6
8 13 6
9 13 6
10 13 6
11 13 6
12 13 6
13 13 6
13 13 5
14 13 5
15 13 5
15 13 4
15 12 4
15 11 4
15 11 3
15 11 2
15 11 1
14 11 1
14 11 0
13 11 0
12 11 0
12 10 0
Length of path # 34 : 26
9 3 0
10 3 0
11 3 0
11 3 1
11 3 2
12 3 2
13 3 2
13 4 2
13 5 2
13 6 2
14 6 2
14 6 3
14 7 3
15 7 3
15 7 4
15 8 4
15 9 4
15 10 4
16 10 4
16 11 4
16 12 4
16 12 3
16 13 3
16 13 2
16 13 1
16 13 0
15 13 0
Length of path # 35 : 1
12 13 0
12 14 0
Length of path # 36 : 4
2 10 0
2 10 1
2 11 1
2 12 1
2 12 0
Length of path # 37 : 2
15 10 0
15 9 0
15 8 0
Length of path # 38 : 2
13 1 0
12 1 0
11 1 0
Length of path # 39 : 3
10 10 0
10 9 0
11 9 0
11 8 0
Length of path # 40 : 9
16 11 0
17 11 0
17 12 0
17 12 1
17 13 1
17 14 1
17 15 1
16 15 1
16 15 0
15 15 0
Length of path # 41 : 23
12 5 0
13 5 0
13 6 0
14 6 0
14 6 1
15 6 1
15 6 2
16 6 2
16 6 3
16 7 3
16 8 3
16 8 4
16 9 4
17 9 4
17 10 4
17 10 3
17 10 2
17 10 1
16 10 1
15 10 1
14 10 1
13 10 1
13 10 0
12 10 0
Length of path # 42 : 21
6 8 0
5 8 0
5 8 1
4 8 1
3 8 1
2 8 1
2 8 2
2 8 3
3 8 3
3 9 3
3 10 3
3 11 3
3 12 3
4 12 3
4 12 2
4 12 1
5 12 1
5 13 1
5 14 1
5 15 1
5 15 0
6 15 0
Length of path # 43 : 12
16 9 0
16 8 0
16 7 0
16 6 0
17 6 0
17 5 0
17 5 1
17 4 1
17 3 1
17 2 1
17 1 1
16 1 1
16 1 0
Length of path # 44 : 28
15 8 0
15 7 0
15 7 1
16 7 1
17 7 1
17 7 2
17 7 3
17 7 4
16 7 4
16 7 5
16 8 5
16 9 5
16 10 5
16 11 5
16 12 5
16 13 5
16 13 4
16 14 4
15 14 4
15 15 4
14 15 4
14 15 3
13 15 3
13 14 3
13 14 2
13 14 1
13 13 1
13 13 0
12 13 0
Number of paths found: 44 / 60
The total length is: 686
