[(14, 4), (12, 14), (35, 14), (4, 29), (4, 30), (14, 39), (3, 31), (46, 35), (0, 12), (36, 4), (46, 12), (14, 6), (2, 3), (12, 1), (4, 23), (35, 26), (28, 43), (43, 30), (0, 21), (3, 48), (31, 25), (5, 31), (46, 0), (42, 3), (21, 6), (31, 11), (32, 29), (8, 28), (35, 19), (39, 15), (43, 15), (28, 27), (29, 9), (26, 24), (33, 30), (48, 24), (22, 49), (8, 42), (21, 7), (36, 2), (39, 18), (17, 25), (47, 22), (10, 32), (41, 1), (5, 44), (49, 13), (20, 40), (34, 45), (37, 16)]
The lower boundary for this netlist: 600

Length of path # 1 : 4
4 11 0
4 12 0
4 13 0
4 14 0
3 14 0
Length of path # 2 : 5
8 12 0
8 11 0
7 11 0
6 11 0
5 11 0
4 11 0
Length of path # 3 : 9
2 4 0
2 5 0
3 5 0
3 6 0
3 7 0
3 8 0
3 9 0
4 9 0
4 10 0
4 11 0
Length of path # 4 : 18
3 14 0
3 14 1
4 14 1
5 14 1
6 14 1
7 14 1
8 14 1
9 14 1
9 13 1
10 13 1
10 12 1
10 12 2
10 11 2
10 10 2
10 9 2
10 8 2
11 8 2
11 8 1
11 8 0
Length of path # 5 : 22
3 14 0
3 13 0
3 13 1
4 13 1
5 13 1
5 13 2
6 13 2
7 13 2
8 13 2
9 13 2
10 13 2
11 13 2
11 12 2
12 12 2
13 12 2
14 12 2
14 11 2
14 10 2
14 9 2
15 9 2
15 8 2
15 8 1
15 8 0
Length of path # 6 : 22
4 11 0
4 11 1
4 10 1
4 9 1
4 8 1
4 7 1
4 6 1
5 6 1
6 6 1
7 6 1
8 6 1
8 6 2
9 6 2
10 6 2
11 6 2
12 6 2
13 6 2
14 6 2
14 6 1
14 6 0
15 6 0
15 5 0
15 4 0
Length of path # 7 : 28
15 15 0
15 15 1
15 14 1
15 14 2
14 14 2
14 13 2
14 13 3
14 12 3
13 12 3
12 12 3
11 12 3
10 12 3
9 12 3
9 11 3
8 11 3
7 11 3
6 11 3
5 11 3
5 10 3
4 10 3
4 9 3
4 8 3
3 8 3
2 8 3
2 8 2
2 8 1
1 8 1
1 8 0
1 7 0
Length of path # 8 : 13
8 1 0
8 1 1
7 1 1
7 1 2
6 1 2
5 1 2
5 2 2
5 3 2
4 3 2
3 3 2
3 3 1
3 4 1
2 4 1
2 4 0
Length of path # 9 : 14
1 15 0
1 15 1
1 14 1
1 14 2
1 13 2
1 12 2
2 12 2
3 12 2
4 12 2
5 12 2
6 12 2
7 12 2
8 12 2
8 12 1
8 12 0
Length of path # 10 : 21
4 4 0
4 5 0
4 5 1
4 5 2
4 5 3
4 6 3
4 7 3
4 7 4
4 8 4
4 9 4
4 10 4
4 11 4
4 12 4
4 13 4
4 13 3
4 14 3
4 14 2
4 15 2
4 15 1
4 15 0
3 15 0
3 14 0
Length of path # 11 : 19
8 1 0
8 2 0
8 2 1
8 3 1
8 4 1
8 5 1
8 5 2
8 5 3
8 6 3
8 7 3
8 8 3
8 9 3
8 9 2
8 10 2
8 11 2
9 11 2
9 12 2
9 12 1
9 12 0
8 12 0
Length of path # 12 : 21
4 11 0
3 11 0
3 11 1
3 11 2
3 11 3
3 12 3
4 12 3
5 12 3
5 13 3
5 14 3
6 14 3
7 14 3
8 14 3
9 14 3
10 14 3
11 14 3
12 14 3
13 14 3
13 14 2
13 14 1
14 14 1
14 14 0
Length of path # 13 : 7
10 15 0
11 15 0
11 16 0
12 16 0
13 16 0
14 16 0
15 16 0
15 15 0
Length of path # 14 : 5
8 12 0
8 13 0
8 14 0
7 14 0
7 15 0
6 15 0
Length of path # 15 : 16
3 14 0
2 14 0
2 14 1
2 13 1
2 13 2
2 13 3
2 12 3
2 11 3
2 10 3
3 10 3
3 9 3
3 9 2
4 9 2
5 9 2
5 9 1
5 9 0
6 9 0
Length of path # 16 : 14
2 4 0
1 4 0
1 5 0
1 5 1
2 5 1
3 5 1
3 6 1
3 6 2
4 6 2
4 7 2
4 8 2
5 8 2
5 8 1
6 8 1
6 8 0
Length of path # 17 : 13
9 8 0
9 8 1
9 7 1
8 7 1
7 7 1
7 7 2
7 6 2
6 6 2
6 5 2
6 4 2
6 3 2
6 3 1
6 3 0
6 2 0
Length of path # 18 : 19
6 2 0
7 2 0
7 2 1
7 2 2
8 2 2
9 2 2
10 2 2
11 2 2
12 2 2
13 2 2
14 2 2
14 3 2
14 4 2
14 5 2
15 5 2
15 6 2
15 6 1
15 7 1
15 7 0
15 8 0
Length of path # 19 : 24
1 15 0
2 15 0
2 15 1
3 15 1
3 15 2
3 15 3
4 15 3
5 15 3
5 15 4
5 14 4
6 14 4
7 14 4
7 13 4
7 12 4
8 12 4
8 11 4
9 11 4
10 11 4
11 11 4
12 11 4
12 11 3
12 11 2
12 10 2
12 10 1
12 10 0
Length of path # 20 : 24
15 15 0
16 15 0
16 14 0
16 14 1
16 14 2
16 14 3
15 14 3
15 13 3
15 12 3
15 11 3
14 11 3
14 10 3
14 9 3
14 8 3
14 7 3
13 7 3
13 6 3
13 5 3
13 4 3
13 3 3
13 2 3
13 1 3
13 1 2
13 1 1
13 1 0
Length of path # 21 : 27
1 7 0
2 7 0
2 7 1
3 7 1
3 7 2
3 7 3
3 6 3
3 6 4
4 6 4
5 6 4
6 6 4
7 6 4
8 6 4
9 6 4
10 6 4
11 6 4
11 7 4
12 7 4
13 7 4
14 7 4
15 7 4
16 7 4
16 7 3
16 7 2
16 7 1
16 8 1
16 9 1
16 9 0
Length of path # 22 : 26
12 14 0
12 14 1
12 14 2
12 13 2
12 13 3
11 13 3
10 13 3
9 13 3
8 13 3
7 13 3
7 12 3
6 12 3
6 12 4
6 11 4
6 10 4
6 10 3
6 10 2
5 10 2
4 10 2
3 10 2
2 10 2
1 10 2
1 9 2
1 8 2
1 7 2
1 7 1
1 7 0
Length of path # 23 : 31
8 1 0
8 0 0
7 0 0
7 0 1
7 0 2
7 0 3
7 1 3
7 2 3
7 3 3
6 3 3
5 3 3
4 3 3
3 3 3
2 3 3
1 3 3
1 4 3
1 5 3
1 6 3
1 7 3
1 8 3
1 9 3
1 10 3
1 11 3
1 12 3
0 12 3
0 12 2
0 13 2
0 14 2
0 14 1
0 15 1
0 15 0
1 15 0
Length of path # 24 : 34
4 2 0
4 2 1
4 3 1
5 3 1
5 4 1
5 5 1
5 5 2
5 6 2
5 7 2
5 7 3
5 8 3
5 9 3
5 9 4
5 9 5
6 9 5
6 10 5
6 11 5
6 12 5
7 12 5
7 13 5
7 14 5
8 14 5
8 15 5
9 15 5
10 15 5
10 15 4
11 15 4
11 15 3
12 15 3
13 15 3
13 15 2
13 15 1
14 15 1
14 15 0
15 15 0
Length of path # 25 : 6
12 10 0
13 10 0
13 11 0
14 11 0
14 12 0
14 13 0
14 14 0
Length of path # 26 : 10
1 7 0
0 7 0
0 8 0
0 9 0
0 10 0
0 10 1
0 11 1
0 12 1
1 12 1
2 12 1
2 12 0
Length of path # 27 : 6
6 7 0
7 7 0
8 7 0
9 7 0
10 7 0
11 7 0
11 8 0
Length of path # 28 : 10
6 13 0
6 12 0
6 12 1
6 11 1
7 11 1
8 11 1
8 10 1
8 9 1
8 9 0
9 9 0
9 8 0
Length of path # 29 : 19
2 4 0
2 3 0
2 3 1
2 3 2
2 4 2
3 4 2
4 4 2
5 4 2
5 4 3
6 4 3
6 5 3
7 5 3
7 6 3
7 7 3
7 8 3
7 9 3
7 10 3
7 10 2
7 10 1
7 10 0
Length of path # 30 : 14
15 4 0
14 4 0
14 5 0
14 5 1
13 5 1
13 6 1
13 7 1
12 7 1
11 7 1
10 7 1
10 8 1
10 9 1
10 10 1
10 11 1
10 11 0
Length of path # 31 : 23
6 2 0
6 2 1
6 2 2
6 2 3
6 2 4
6 3 4
6 4 4
7 4 4
7 5 4
8 5 4
9 5 4
9 5 3
10 5 3
10 6 3
10 7 3
10 8 3
10 9 3
10 10 3
9 10 3
9 10 2
9 10 1
9 11 1
9 11 0
10 11 0
Length of path # 32 : 2
9 8 0
8 8 0
7 8 0
Length of path # 33 : 8
11 8 0
11 9 0
11 9 1
11 10 1
11 11 1
11 12 1
12 12 1
12 13 1
12 13 0
Length of path # 34 : 20
6 8 0
5 8 0
5 7 0
5 7 1
6 7 1
6 7 2
6 7 3
6 7 4
7 7 4
7 8 4
8 8 4
9 8 4
10 8 4
11 8 4
11 9 4
12 9 4
13 9 4
13 9 3
13 9 2
13 9 1
13 9 0
Length of path # 35 : 8
9 6 0
10 6 0
11 6 0
12 6 0
13 6 0
13 7 0
14 7 0
14 8 0
15 8 0
Length of path # 36 : 18
13 1 0
14 1 0
14 1 1
14 1 2
14 1 3
14 2 3
14 3 3
14 4 3
14 5 3
14 6 3
15 6 3
15 7 3
15 7 2
14 7 2
13 7 2
13 8 2
13 8 1
13 8 0
13 9 0
Length of path # 37 : 14
15 10 0
15 10 1
16 10 1
17 10 1
17 9 1
17 8 1
17 7 1
17 6 1
17 5 1
17 4 1
17 3 1
17 3 0
17 2 0
16 2 0
16 1 0
Length of path # 38 : 31
6 13 0
5 13 0
5 14 0
5 15 0
5 15 1
5 16 1
5 16 2
5 16 3
5 16 4
5 16 5
5 15 5
5 14 5
5 13 5
4 13 5
4 12 5
4 11 5
4 10 5
4 9 5
4 8 5
4 7 5
4 6 5
4 5 5
4 5 4
4 4 4
4 3 4
4 2 4
4 2 3
4 2 2
3 2 2
3 2 1
3 2 0
4 2 0
Number of paths found: 38 / 50
The total length is: 625
